Atualizado em: 2024-11-01
Código OACI;CIAD;Nome;Município;UF;Município Servido;UF Servido;LATGEOPOINT;LONGEOPOINT;Latitude;Longitude;Altitude;Operação Diurna;Operação Noturna;Designação 1;Comprimento 1;Largura 1;Resistência 1;Superfície 1;Designação 2;Comprimento 2;Largura 2;Resistência 2;Superfície 2;Situação;Validade do Registro;Portaria de Registro;Link Portaria
SDZG;CE0008;Pedro Teixeira Castelo Regional Tauá;TAUÁ;Ceará;Tauá;Ceará;-5.9333333;-40.2975;05°56'00"S;040°17'51"W;444,0;VFR;VFR;09/27;1200,0000;30,00;7/F/C/Y/U;Asfalto;;;;;;Cadastrado;07/05/2030;PA2020-1189;https://pergamum.anac.gov.br/arquivos/PA2020-1189.pdf
SDIG;SP0038;Ibitinga;IBITINGA;São Paulo;Ibitinga;São Paulo;-21.747222;-48.855833;21°44'50"S;048°51'21"W;542,0;VFR;Sem Operação;13/31;1200,0000;18,00;5600 Kg /   0.50 MPa;Asfalto;;;;;;Cadastrado;23/04/2030;PA2020-1074;https://pergamum.anac.gov.br/arquivos/PA2020-1074.pdf
SBVT;ES0001;Eurico de Aguiar Salles;VITÓRIA;Espírito Santo;Vitória;Espírito Santo;-20.258056;-40.286389;20°15'29"S;040°17'11"W;3,0;VFR / IFR - CAT I;VFR / IFR - CAT I;06/24;1750,0000;45,00;45/F/B/X/T;Asfalto;02/20;2058,0000;45,00;86/F/B/X/T;Asfalto;Cadastrado;;PA2024-13.827;https://pergamum.anac.gov.br/arquivos/PA2024-13.827.pdf
SNJK;BA0047;Jequié;JEQUIÉ;Bahia;Jequié;Bahia;-13.877778;-40.071389;13°52'40"S;040°04'17"W;197,0;;;14/32;1200,0000;23,00;8/F/C/Y/U;Asfalto;;;;;;Cadastrado;18/11/2024;PA2014-2695;https://pergamum.anac.gov.br/arquivos/PA2014-2695.pdf
SSKU;SC0016;Lauro Antônio da Costa;CURITIBANOS;Santa Catarina;Curitibanos;Santa Catarina;-27.287222;-50.603889;27°17'14"S;050°36'14"W;978,0;VFR;VFR;11/29;1400,0000;30,00;22/F/A/Y/T;Asfalto;;;;;;Cadastrado;20/05/2030;PA2020-1296;https://pergamum.anac.gov.br/arquivos/PA2020-1296.pdf
SBJV;SC0004;Lauro Carneiro de Loyola;JOINVILLE;Santa Catarina;Joinville;Santa Catarina;-26.223056;-48.797778;26°13'23"S;048°47'52"W;5,0;VFR / IFR - CAT I;VFR / IFR - CAT I;15/33;1540,0000;45,00;51/F/A/W/T;Asfalto;;;;;;Cadastrado;17/04/2030;PA2020/1029;https://pergamum.anac.gov.br/arquivos/PA2020/1029.pdf
SSEP;RS0031;São Sepé;SÃO SEPÉ;Rio Grande do Sul;São Sepé;Rio Grande do Sul;-30.182222;-53.579444;30°10'56"S;053°34'46"W;153,0;;;14/32;1140,0000;18,00;5700 Kg /   0.62 MPa;Saibro;;;;;;Cadastrado;13/01/2031;PA2021-3955;https://pergamum.anac.gov.br/arquivos/PA2021-3955.pdf
SBDO;MS0008;Dourados;DOURADOS;Mato Grosso do Sul;Dourados;Mato Grosso do Sul;-22.200556;-54.925556;22°12'02"S;054°55'32"W;458,0;VFR / IFR Não Precisão;VFR / IFR Não Precisão;06/24;1950,0000;30,00;28/F/B/X/T;Asfalto;;;;;;Cadastrado;17/08/2033;PA2023-12139;https://pergamum.anac.gov.br/arquivos/PA2023-12139.pdf
SJRG;RS0013;Regional de Rio Grande;RIO GRANDE;Rio Grande do Sul;Rio Grande;Rio Grande do Sul;-32.083611;-52.167778;32°05'01"S;052°10'04"W;6,0;VFR;VFR;06/24;1900,0000;30,00;11/F/B/Y/T;Asfalto;;;;;;Cadastrado;21/07/2030;PA2022-10.073;https://pergamum.anac.gov.br/arquivos/PA2022-10.073.pdf
SSXX;SC0017;Municipal João Winckler;XANXERÊ;Santa Catarina;Xanxerê;Santa Catarina;-26.875;-52.372778;26°52'30"S;052°22'22"W;910,0;VFR;VFR;18/36;1149,0000;18,00;8/F/A/Y/T;Asfalto;;;;;;Cadastrado;05/04/2033;PA2023-10896;https://pergamum.anac.gov.br/arquivos/PA2023-10896.pdf
SNGD;PI0005;Guadalupe;GUADALUPE;Piauí;Guadalupe;Piauí;-6.7830556;-43.580833;06°46'59"S;043°34'51"W;180,0;VFR;Sem Operação;15/33;1485,0000;30,00;9/F/C/X/U;Asfalto;;;;;;Cadastrado;28/10/2030;PA2020-2978;https://pergamum.anac.gov.br/arquivos/PA2020-2978.pdf
SBCR;MS0009;Corumbá;CORUMBÁ;Mato Grosso do Sul;Corumbá;Mato Grosso do Sul;-19.011944;-57.671389;19°00'43"S;057°40'17"W;141,0;VFR / IFR Não Precisão;VFR / IFR Não Precisão;09/27;1500,0000;45,00;71/F/C/X/T;Asfalto;;;;;;Cadastrado;22/03/2026;PA2016-0668;https://pergamum.anac.gov.br/arquivos/PA2016-0668.pdf
SNKR;PI0012;Corrente;CORRENTE;Piauí;Corrente;Piauí;-10.451944;-45.136389;10°27'07"S;045°08'11"W;473,0;VFR;Sem Operação;11/29;1000,0000;20,00;2500 Kg /   0.50 MPa;Terra;;;;;;Interditado;;;
SWDM;MT0015;Diamantino;DIAMANTINO;Mato Grosso;Diamantino;Mato Grosso;-14.376667;-56.400556;14°22'36"S;056°24'02"W;469,0;;;17/35;1630,0000;18,00;13/F/C/Y/U;Asfalto;;;;;;Cadastrado;;;
SSVI;SC0011;Ângelo Ponzoni;VIDEIRA;Santa Catarina;Videira;Santa Catarina;-26.999722;-51.141389;26°59'59"S;051°08'29"W;843,0;VFR;Sem Operação;10/28;1400,0000;23,00;11/F/A/Y/T;Asfalto;;;;;;Cadastrado;;PA2018-3718;https://pergamum.anac.gov.br/arquivos/PA2018-3718.pdf
SWKO;AM0010;Coari;COARI;Amazonas;Coari;Amazonas;-4.1341667;-63.1325;04°08'03"S;063°07'57"W;40,0;VFR;Sem Operação;10/28;1600,0000;36,00;29/F/C/X/U;Asfalto;;;;;;Cadastrado;14/07/2033;PA2023-11806;https://pergamum.anac.gov.br/arquivos/PA2023-11806.pdf
SDTF;SP0050;Tatuí;TATUÍ;São Paulo;Tatuí;São Paulo;-23.331944;-47.88;23°19'55"S;047°52'48"W;635,0;VFR;Sem Operação;14/32;1300,0000;30,00;28/F/B/X/T;Terra;;;;;;Cadastrado;23/04/2030;PA2020-1084;https://pergamum.anac.gov.br/arquivos/PA2020-1084.pdf
SSIJ;RS0032;Ijuí;IJUÍ;Rio Grande do Sul;Ijuí;Rio Grande do Sul;-28.368611;-53.846389;28°22'07"S;053°50'47"W;365,0;VFR;VFR;18/36;1280,0000;23,00;8/F/C/Y/U;Asfalto;;;;;;Cadastrado;23/07/2030;PA2020-1835;https://pergamum.anac.gov.br/arquivos/PA2020-1835.pdf
SBGM;RO0006;Guajará-Mirim;GUAJARÁ-MIRIM;Rondônia;Guajará-Mirim;Rondônia;-10.788333;-65.281667;10°47'18"S;065°16'54"W;146,0;VFR;VFR;17/35;1795,0000;45,00;30/F/C/X/U;Asfalto;;;;;;Cadastrado;09/04/2030;PA2020-0974;https://pergamum.anac.gov.br/arquivos/PA2020-0974.pdf
SNLT;PI0010;Paulistana;PAULISTANA;Piauí;Paulistana;Piauí;-8.1663889;-41.153889;08°09'59"S;041°09'14"W;360,0;VFR;Sem Operação;07/25;1060,0000;30,00;2500 Kg /   0.50 MPa;Cascalho;;;;;;Interditado;;;
SDIY;BA0013;João Durval Carneiro;FEIRA DE SANTANA;Bahia;Feira de Santana;Bahia;-12.200556;-38.906389;12°12'02"S;038°54'23"W;238,0;;;13/31;1500,0000;30,00;30/F/A/X/T;Asfalto;;;;;;Cadastrado;11/11/2024;PA2019-0627;https://pergamum.anac.gov.br/arquivos/PA2019-0627.pdf
SNTQ;BA0053;Buritirama;BURITIRAMA;Bahia;Buritirama;Bahia;-10.721667;-43.653611;10°43'18"S;043°39'13"W;499,0;;;11/29;1116,0000;26,00;5700 Kg /   0.50 MPa;Asfalto;;;;;;Cadastrado;30/10/2025;PA2015-2911;https://pergamum.anac.gov.br/arquivos/PA2015-2911.pdf
SNCT;MG0056;Caratinga;UBAPORANGA;Minas Gerais;Ubaporanga;Minas Gerais;-19.725278;-42.112222;19°43'31"S;042°06'44"W;599,0;;;02/20;1080,0000;23,00;5000 Kg /   0.50 MPa;Asfalto;;;;;;Cadastrado;20/12/2026;PA2022-7798;https://pergamum.anac.gov.br/arquivos/PA2022-7798.pdf
SDPE;TO0003;Porto Nacional;PORTO NACIONAL;Tocantins;Porto Nacional;Tocantins;-10.718056;-48.398889;10°43'05"S;048°23'56"W;270,0;VFR;Sem Operação;05/23;1700,0000;30,00;27/F/B/X/T;Asfalto;;;;;;Cadastrado;10/05/2033;PA2023-11026;https://pergamum.anac.gov.br/arquivos/PA2023-11026.pdf
SWCA;AM0007;Carauari;CARAUARI;Amazonas;Carauari;Amazonas;-4.8713889;-66.8975;04°52'17"S;066°53'51"W;108,0;VFR;Sem Operação;04/22;1665,0000;18,00;12/F/C/Y/T;Asfalto;;;;;;Cadastrado;06/09/2027;PA2017-3045;https://pergamum.anac.gov.br/arquivos/PA2017-3045.pdf
SWKC;MT0017;Cáceres;CÁCERES;Mato Grosso;Cáceres;Mato Grosso;-16.0425;-57.63;16°02'33"S;057°37'48"W;151,0;VFR;VFR;17/35;1850,0000;30,00;30/F/A/X/T;Asfalto;;;;;;Cadastrado;22/03/2033;PA2023-10693;https://pergamum.anac.gov.br/arquivos/PA2023-10693.pdf
SSGA;RS0020;Garibaldi;GARIBALDI;Rio Grande do Sul;Garibaldi;Rio Grande do Sul;-29.268333;-51.532222;29°16'06"S;051°31'56"W;680,0;VFR;Sem Operação;15/33;1200,0000;30,00;8/F/C/Y/U;Asfalto;;;;;;Cadastrado;23/06/2030;PA2020-1563;https://pergamum.anac.gov.br/arquivos/PA2020-1563.pdf
SNAG;MG0020;Araguari;ARAGUARI;Minas Gerais;Araguari;Minas Gerais;-18.668056;-48.190278;18°40'05"S;048°11'25"W;947,0;VFR;Sem Operação;05/23;1500,0000;30,00;14/F/A/Y/T;Asfalto;;;;;;Interditado;;;
SWBG;MT0009;André Antônio Maggi;PONTES E LACERDA;Mato Grosso;Pontes e Lacerda;Mato Grosso;-15.193333;-59.385278;15°11'36"S;059°23'07"W;247,0;VFR;Sem Operação;01/19;1500,0000;30,00;8/F/B/Y/T;Asfalto;;;;;;Interditado;07/05/2030;PA2020-1194;https://pergamum.anac.gov.br/arquivos/PA2020-1194.pdf
SBSN;PA0002;Maestro Wilson Fonseca;SANTARÉM;Pará;Santarém;Pará;-2.4247222;-54.785833;02°25'29"S;054°47'09"W;60,0;VFR / IFR Não Precisão;VFR / IFR Não Precisão;10/28;2400,0000;45,00;48/F/A/W/T;Asfalto;;;;;;Cadastrado;23/09/2030;PA2020-2416;https://pergamum.anac.gov.br/arquivos/PA2020-2416.pdf
SDFX;BA0054;Casa Nova;CASA NOVA;Bahia;Casa Nova;Bahia;-9.1575;-40.9375;09°09'27"S;040°56'15"W;405,0;;;12/30;1129,0000;23,00;10/F/B/Y/U;Asfalto;;;;;;Cadastrado;10/03/2026;PA2016-532;https://pergamum.anac.gov.br/arquivos/PA2016-532.pdf
SNHS;PE0005;Santa Magalhães;SERRA TALHADA;Pernambuco;Serra Talhada;Pernambuco;-8.0613889;-38.328611;08°03'41"S;038°19'43"W;470,0;;;13/31;1800,0000;30,00;31/F/B/Y/T;Asfalto;;;;;;Cadastrado;06/07/2028;PA2018-2109;https://pergamum.anac.gov.br/arquivos/PA2018-2109.pdf
SSAE;RS0040;Arroio Grande;ARROIO GRANDE;Rio Grande do Sul;Arroio Grande;Rio Grande do Sul;-32.229167;-53.055833;32°13'45"S;053°03'21"W;49,0;VFR;Sem Operação;06/24;1000,0000;18,00;5700 Kg /   0.50 MPa;Terra;;;;;;Cadastrado;27/09/2028;PA2018-2952;https://pergamum.anac.gov.br/arquivos/PA2018-2952.pdf
SBPF;RS0006;Lauro Kurtz;PASSO FUNDO;Rio Grande do Sul;Passo Fundo;Rio Grande do Sul;-28.244167;-52.328333;28°14'39"S;052°19'42"W;725,0;;;09/27;1680,0000;30,00;36/F/B/W/T;Asfalto;;;;;;Cadastrado;02/03/2032;PA2022-7368;https://pergamum.anac.gov.br/arquivos/PA2022-7368.pdf
SSKG;MS0003;Estância Santa Maria;CAMPO GRANDE;Mato Grosso do Sul;Campo Grande;Mato Grosso do Sul;-20.505556;-54.524722;20°30'20"S;054°31'29"W;618,0;;;06/24;1500,0000;30,00;17/F/C/X/T;Asfalto;;;;;;Cadastrado;;PA2020-1390;https://pergamum.anac.gov.br/arquivos/PA2020-1390.pdf
SBTE;PI0001;SENADOR PETRÔNIO PORTELLA;TERESINA;Piauí;Teresina;Piauí;-5.0605556;-42.824444;05°03'38"S;042°49'28"W;67,0;;;02/20;2200,0000;45,00;59/F/A/X/T;Asfalto;;;;;;Cadastrado;;PA2015-0532;https://pergamum.anac.gov.br/arquivos/PA2015-0532.pdf
SSCP;PR0015;Francisco Lacerda Júnior;CORNÉLIO PROCÓPIO;Paraná;Cornélio Procópio;Paraná;-23.1525;-50.6025;23°09'09"S;050°36'09"W;567,0;VFR;Sem Operação;06/24;1400,0000;30,00;8/F/C/Y/U;Asfalto;;;;;;Cadastrado;07/05/2030;PA2020-1192;https://pergamum.anac.gov.br/arquivos/PA2020-1192.pdf
SJO9;BA0253;Senhor do Bonfim;SENHOR DO BONFIM;Bahia;Senhor do Bonfim;Bahia;-10.518611;-40.081944;10°31'07"S;040°04'55"W;466,0;VFR / IFR Não Precisão;IFR Não Precisão;11/29;1550,0000;30,00;14/F/B/X/T;Asfalto;;;;;;Cadastrado;;PA2024-14.274;https://pergamum.anac.gov.br/arquivos/PA2024-14.274.pdf
SWXM;MT0014;Regional Orlando Villas Boas;MATUPÁ;Mato Grosso;Matupá;Mato Grosso;-10.17;-54.953889;10°10'12"S;054°57'14"W;270,0;;;02/20;1858,0000;30,00;////;Asfalto;;;;;;Cadastrado;16/02/2032;PA2022-7159;https://pergamum.anac.gov.br/arquivos/PA2022-7159.pdf
SSRU;RS0034;São Lourenço do Sul;SÃO LOURENÇO DO SUL;Rio Grande do Sul;São Lourenço do Sul;Rio Grande do Sul;-31.384722;-52.0325;31°23'05"S;052°01'57"W;27,0;VFR;Sem Operação;03/21;1055,0000;18,00;5700 Kg /   0.50 MPa;Saibro;;;;;;Cadastrado;23/09/2030;PA2020-2448;https://pergamum.anac.gov.br/arquivos/PA2020-2448.pdf
SSMJ;MS0020;Maracaju;MARACAJU;Mato Grosso do Sul;Maracaju;Mato Grosso do Sul;-21.633889;-55.145;21°38'02"S;055°08'42"W;390,0;VFR;Sem Operação;01/19;800,0000;30,00;5600 Kg /   0.50 MPa;Grama;;;;;;Cadastrado;07/05/2030;PA2020-1196;https://pergamum.anac.gov.br/arquivos/PA2020-1196.pdf
SNIT;BA0046;Ibotirama;IBOTIRAMA;Bahia;Ibotirama;Bahia;-12.168333;-43.2225;12°10'06"S;043°13'21"W;422,0;;;16/34;1200,0000;20,00;6/F/C/Y/U;Asfalto;;;;;;Cadastrado;31/12/2031;PA2021-6843;https://pergamum.anac.gov.br/arquivos/PA2021-6843.pdf
SWJW;GO0008;Jataí;JATAÍ;Goiás;Jataí;Goiás;-17.83;-51.775278;17°49'48"S;051°46'31"W;771,0;VFR;VFR;13/31;1500,0000;23,00;10/F/B/X/U;Asfalto;;;;;;Cadastrado;;PA2020-2415;https://pergamum.anac.gov.br/arquivos/PA2020-2415.pdf
SBPB;PI0002;Prefeito Doutor João Silva Filho;PARNAÍBA;Piauí;Parnaíba;Piauí;-2.8933333;-41.730278;02°53'36"S;041°43'49"W;7,0;VFR;VFR;10/28;2500,0000;45,00;52/F/C/X/T;Asfalto;;;;;;Cadastrado;;PA2023-11.788;https://pergamum.anac.gov.br/arquivos/PA2023-11.788.pdf
SNLO;MG0037;São Lourenço;SÃO LOURENÇO;Minas Gerais;São Lourenço;Minas Gerais;-22.090833;-45.044444;22°05'27"S;045°02'40"W;875,0;VFR;Sem Operação;05/23;1300,0000;30,00;14/F/B/X/T;Asfalto;;;;;;Cadastrado;29/06/2033;PA2023-11738;https://pergamum.anac.gov.br/arquivos/PA2023-11738.pdf
SBGW;SP0076;Guaratinguetá;GUARATINGUETÁ;São Paulo;Guaratinguetá;São Paulo;-22.791667;-45.204444;22°47'30"S;045°12'16"W;537,0;VFR / IFR Não Precisão;VFR / IFR Não Precisão;02/20;1551,0000;30,00;15/F/C/Y/U;Asfalto;;;;;;Cadastrado;17/04/2030;PA2020-1020;https://pergamum.anac.gov.br/arquivos/PA2020-1020.pdf
SNYE;MA0004;Pinheiro;PINHEIRO;Maranhão;Pinheiro;Maranhão;-2.4775;-45.105;02°28'39"S;045°06'18"W;20,0;VFR;Sem Operação;09/27;1740,0000;30,00;29/F/C/X/T;Asfalto;;;;;;Cadastrado;17/03/2030;PA2020-0706;https://pergamum.anac.gov.br/arquivos/PA2020-0706.pdf
SSSB;RS0014;São Borja;SÃO BORJA;Rio Grande do Sul;São Borja;Rio Grande do Sul;-28.654722;-56.034722;28°39'17"S;056°02'05"W;80,0;VFR;Sem Operação;07/25;1500,0000;30,00;17/F/C/Y/U;Asfalto;14/32;700,0000;18,00;5700 Kg /   0.50 MPa;Grama;Cadastrado;15/07/2030;PA2020-1754;https://pergamum.anac.gov.br/arquivos/PA2020-1754.pdf
SIBU;PB0012;JERÔNIMO SÉRGIO ROSADO MAIA;CATOLÉ DO ROCHA;Paraíba;Catolé do Rocha;Paraíba;-6.3625;-37.755278;06°21'45"S;037°45'19"W;272,0;;;11/29;1000,0000;18,00;10/F/B/Y/U;Asfalto;;;;;;Cadastrado;23/04/2031;PA2021-4759;https://pergamum.anac.gov.br/arquivos/PA2021-4759.pdf
SNNU;MG0041;Nanuque;NANUQUE;Minas Gerais;Nanuque;Minas Gerais;-17.823056;-40.329722;17°49'23"S;040°19'47"W;200,0;;;11/29;1220,0000;23,00;13/F/C/Y/U;Asfalto;;;;;;Cadastrado;30/07/2028;PA2018-2331;https://pergamum.anac.gov.br/arquivos/PA2018-2331.pdf
SJOG;RO0008;Ariquemes;ARIQUEMES;Rondônia;Ariquemes;Rondônia;-9.8805556;-63.047222;09°52'50"S;063°02'50"W;142,0;VFR;Sem Operação;03/21;1306,0000;18,00;25/F/C/Y/U;Asfalto;;;;;;Cadastrado;03/12/2030;PA2020-3473;https://pergamum.anac.gov.br/arquivos/PA2020-3473.pdf
SBBW;MT0008;Barra do Garças;BARRA DO GARÇAS;Mato Grosso;Barra do Garças;Mato Grosso;-15.861389;-52.388889;15°51'41"S;052°23'20"W;350,0;VFR / IFR Não Precisão;VFR / IFR Não Precisão;07/25;1598,0000;30,00;20/F/C/Y/T;Asfalto;;;;;;Cadastrado;27/03/2033;PA2023-10743;https://pergamum.anac.gov.br/arquivos/PA2023-10743.pdf
SJO7;MG0454;Municipal Elber Pereira;IPANEMA;Minas Gerais;;;-19.832222;-41.696111;19°49'56"S;041°41'46"W;252,0;VFR / IFR Não Precisão;Sem Operação;02/20;1125,0000;30,00;7/F/A/Y/T;Asfalto;;;;;;Cadastrado;08/04/2034;PA2024-14.249;https://pergamum.anac.gov.br/arquivos/PA2024-14.249.pdf
SNIB;BA0045;Itaberaba;ITABERABA;Bahia;Itaberaba;Bahia;-12.499722;-40.270278;12°29'59"S;040°16'13"W;283,0;;;14/32;1200,0000;30,00;8/F/C/Y/U;Asfalto;;;;;;Cadastrado;20/04/2028;PA2018-1228;https://pergamum.anac.gov.br/arquivos/PA2018-1228.pdf
SSIQ;RS0045;Itaqui;ITAQUI;Rio Grande do Sul;Itaqui;Rio Grande do Sul;-29.171944;-56.538333;29°10'19"S;056°32'18"W;84,0;VFR;Sem Operação;15/33;966,0000;23,00;1800 Kg /   0.50 MPa;Grama;;;;;;Interditado;19/05/2030;PA2020-1288;https://pergamum.anac.gov.br/arquivos/PA2020-1288.pdf
SNNE;MG0078;Sebastião Carlos Leite;SÃO JOÃO NEPOMUCENO;Minas Gerais;São João Nepomuceno;Minas Gerais;-21.542222;-43.021111;21°32'32"S;043°01'16"W;403,0;VFR;Sem Operação;11/29;620,0000;40,00;3000 Kg /   0.50 MPa;Saibro;;;;;;Cadastrado;09/04/2030;PA2020-0975;https://pergamum.anac.gov.br/arquivos/PA2020-0975.pdf
SSCI;MS0012;Coxim;COXIM;Mato Grosso do Sul;Coxim;Mato Grosso do Sul;-18.481389;-54.715833;18°28'53"S;054°42'57"W;294,0;VFR;Sem Operação;02/20;1300,0000;23,00;13/F/A/X/T;Asfalto;;;;;;Cadastrado;30/06/2032;PA2022-8296;https://pergamum.anac.gov.br/arquivos/PA2022-8296.pdf
SNMK;MG0017;Mocambinho;JAÍBA;Minas Gerais;Jaíba;Minas Gerais;-15.093056;-43.979167;15°05'35"S;043°58'45"W;450,0;VFR;Sem Operação;11/29;1531,0000;30,00;14/F/A/Y/T;Asfalto;;;;;;Cadastrado;20/08/2030;PA2020-2078;https://pergamum.anac.gov.br/arquivos/PA2020-2078.pdf
SBGV;MG0032;Coronel Altino Machado;GOVERNADOR VALADARES;Minas Gerais;Governador Valadares;Minas Gerais;-18.896111;-41.983333;18°53'46"S;041°59'00"W;171,0;VFR / IFR Não Precisão;VFR / IFR Não Precisão;07/25;1701,0000;30,00;31/F/B/X/T;Asfalto;;;;;;Cadastrado;17/04/2033;PA2023-10934;https://pergamum.anac.gov.br/arquivos/PA2023-10934.pdf
SBGL;RJ0001;RIO DE JANEIRO/GALEÃO - ANTÔNIO CARLOS JOBIM;RIO DE JANEIRO;Rio de Janeiro;Rio de Janeiro;Rio de Janeiro;-22.81;-43.250556;22°48'36"S;043°15'02"W;9,0;VFR / IFR - CAT II;;10/28;4000,0000;45,00;78/R/A/W/T;Concreto;15/33;3180,0000;47,00;73/F/B/X/T;Asfalto;Cadastrado;24/12/2031;PA2021-6801;https://pergamum.anac.gov.br/arquivos/PA2021-6801.pdf
SWYN;AM0023;Apuí;APUÍ;Amazonas;Apuí;Amazonas;-7.1722222;-59.838889;07°10'20"S;059°50'20"W;60,0;VFR;;08/26;1200,0000;23,00;12/F/B/Y/U;Asfalto;;;;;;Cadastrado;21/07/2030;PA2020-1745;https://pergamum.anac.gov.br/arquivos/PA2020-1745.pdf
SSSC;RS0029;Santa Cruz do Sul;SANTA CRUZ DO SUL;Rio Grande do Sul;Santa Cruz do Sul;Rio Grande do Sul;-29.684167;-52.412222;29°41'03"S;052°24'44"W;199,0;VFR;Sem Operação;08/26;1180,0000;18,00;8/F/C/Y/U;Asfalto;;;;;;Cadastrado;17/04/2030;PA2020-1024;https://pergamum.anac.gov.br/arquivos/PA2020-1024.pdf
SSLO;PR0031;Attillio Accorsi;LOANDA;Paraná;Loanda;Paraná;-22.917778;-53.149722;22°55'04"S;053°08'59"W;470,0;VFR;Sem Operação;05/23;1100,0000;23,00;14/F/C/Y/U;Asfalto;;;;;;Interditado;;PD1980-0013;https://pergamum.anac.gov.br/arquivos/PD1980-0013.pdf
SDMH;SP0059;Mirassol;MIRASSOL;São Paulo;Mirassol;São Paulo;-20.807222;-49.486111;20°48'26"S;049°29'10"W;584,0;VFR;Sem Operação;06/24;1000,0000;30,00;8/F/C/Y/U;Terra;;;;;;Interditado;;PA2014-3150;https://pergamum.anac.gov.br/arquivos/PA2014-3150.pdf
SDJO;SP0057;São Joaquim da Barra;SÃO JOAQUIM DA BARRA;São Paulo;São Joaquim da Barra;São Paulo;-20.593333;-47.842222;20°35'36"S;047°50'32"W;650,0;;;14/32;1374,0000;23,00;27/F/A/X/T;Asfalto;;;;;;Cadastrado;25/01/2032;PA2022-6998;https://pergamum.anac.gov.br/arquivos/PA2022-6998.pdf
SDPV;SP0040;Presidente Venceslau;PRESIDENTE VENCESLAU;São Paulo;Presidente Venceslau;São Paulo;-21.893333;-51.884444;21°53'36"S;051°53'04"W;445,0;VFR;Sem Operação;14/32;1200,0000;30,00;5700 Kg /   0.50 MPa;Terra;;;;;;Cadastrado;31/07/2030;PA2020-1924;https://pergamum.anac.gov.br/arquivos/PA2020-1924.pdf
SBRB;AC0001;Plácido de Castro;RIO BRANCO;Acre;Rio Branco;Acre;-9.8683333;-67.898056;09°52'06"S;067°53'53"W;193,0;VFR / IFR - CAT I;VFR / IFR - CAT I;06/24;2158,0000;45,00;78/F/D/X/T;Asfalto;;;;;;Cadastrado;23/08/2028;PA2018-2577;https://pergamum.anac.gov.br/arquivos/PA2018-2577.pdf
SBTK;AC0004;Tarauacá;TARAUACÁ;Acre;Tarauacá;Acre;-8.1552778;-70.783056;08°09'19"S;070°46'59"W;192,0;VFR;Sem Operação;15/33;1200,0000;22,00;5700 Kg /   0.50 MPa;Asfalto;;;;;;Cadastrado;22/08/2033;PA2023-12151;https://pergamum.anac.gov.br/arquivos/PA2023-12151.pdf
SBCD;SC0006;Prefeito Dr. Carlos Alberto da Costa Neves;CAÇADOR;Santa Catarina;Caçador;Santa Catarina;-26.788056;-50.94;26°47'17"S;050°56'24"W;1029,0;VFR / IFR Não Precisão;VFR / IFR Não Precisão;02/20;1873,0000;30,00;25/F/A/X/T;Asfalto;;;;;;Cadastrado;20/03/2033;PA2023-10670;https://pergamum.anac.gov.br/arquivos/PA2023-10670.pdf
SBAU;SP0009;Araçatuba;ARAÇATUBA;São Paulo;Araçatuba;São Paulo;-21.144167;-50.426389;21°08'39"S;050°25'35"W;414,0;;;05/23;2120,0000;35,00;48/F/A/X/T;Asfalto;;;;;;Cadastrado;13/01/2031;PA2021-3951;https://pergamum.anac.gov.br/arquivos/PA2021-3951.pdf
SBJU;CE0002;Orlando Bezerra de Menezes;JUAZEIRO DO NORTE;Ceará;Juazeiro do Norte;Ceará;-7.2191667;-39.269444;07°13'09"S;039°16'10"W;409,0;;;13/31;1940,0000;45,00;45/F/A/X/T;Asfalto;;;;;;Cadastrado;07/03/2029;PA2019-0624;https://pergamum.anac.gov.br/arquivos/PA2019-0624.pdf
SBPJ;TO0001;Brigadeiro Lysias Rodrigues;PALMAS;Tocantins;Palmas;Tocantins;-10.29;-48.357778;10°17'24"S;048°21'28"W;236,0;VFR / IFR Não Precisão;VFR / IFR Não Precisão;14/32;2500,0000;45,00;63/F/A/X/T;Asfalto;;;;;;Cadastrado;;PA2021-4223;https://pergamum.anac.gov.br/arquivos/PA2021-4223.pdf
SDTK;RJ0011;Paraty;PARATY;Rio de Janeiro;Paraty;Rio de Janeiro;-23.223889;-44.723333;23°13'26"S;044°43'24"W;3,0;;;10/28;850,0000;23,00;8/F/B/X/T;Asfalto;;;;;;Cadastrado;25/01/2022;PA2022-6994;https://pergamum.anac.gov.br/arquivos/PA2022-6994.pdf
SSPM;MS0013;Porto Murtinho;PORTO MURTINHO;Mato Grosso do Sul;Porto Murtinho;Mato Grosso do Sul;-21.712778;-57.879167;21°42'46"S;057°52'45"W;132,0;VFR;;18/36;1600,0000;30,00;15/F/B/X/T;Asfalto;;;;;;Cadastrado;29/06/2033;PA2023-11745;https://pergamum.anac.gov.br/arquivos/PA2023-11745.pdf
SWFR;GO0014;Formosa;FORMOSA;Goiás;Formosa;Goiás;-15.556111;-47.344722;15°33'22"S;047°20'41"W;973,0;VFR;Sem Operação;05/23;1400,0000;30,00;5700 Kg /   0.50 MPa;Asfalto;;;;;;Cadastrado;23/05/2033;PA2023-11343;https://pergamum.anac.gov.br/arquivos/PA2023-11343.pdf
SBIC;AM0012;Itacoatiara;ITACOATIARA;Amazonas;Itacoatiara;Amazonas;-3.1263889;-58.481667;03°07'35"S;058°28'54"W;43,0;;;14/32;1520,0000;30,00;10/F/A/Y/T;Asfalto;;;;;;Cadastrado;02/08/2028;PA2018-2359;https://pergamum.anac.gov.br/arquivos/PA2018-2359.pdf
SBLP;BA0037;Bom Jesus da Lapa;BOM JESUS DA LAPA;Bahia;Bom Jesus da Lapa;Bahia;-13.261389;-43.4075;13°15'41"S;043°24'27"W;443,0;;;18/36;1211,0000;30,00;9/F/C/Y/U;Asfalto;;;;;;Cadastrado;;;
SNWS;CE0005;Crateús;CRATEÚS;Ceará;Crateús;Ceará;-5.2111111;-40.704167;05°12'40"S;040°42'15"W;318,0;;;08/26;1500,0000;30,00;12/F/C/Y/U;Asfalto;;;;;;Cadastrado;03/12/2030;PA2020-3477;https://pergamum.anac.gov.br/arquivos/PA2020-3477.pdf
SBVC;BA0005;Glauber de Andrade Rocha;VITÓRIA DA CONQUISTA;Bahia;Vitória da Conquista;Bahia;-14.907778;-40.914722;14°54'28"S;040°54'53"W;894,0;VFR / IFR Não Precisão;VFR / IFR Não Precisão;15/33;2100,0000;45,00;44/F/B/X/T;Asfalto;;;;;;Cadastrado;26/12/2027;PA2019-2438;https://pergamum.anac.gov.br/arquivos/PA2019-2438.pdf
SDLP;SP0034;Municipal José Boso;LENÇÓIS PAULISTA;São Paulo;Lençóis Paulista;São Paulo;-22.578333;-48.774444;22°34'42"S;048°46'28"W;621,0;;;07/25;1264,0000;20,00;13/F/C/Y/T;Asfalto;;;;;;Cadastrado;23/01/2027;PA2018-2894;https://pergamum.anac.gov.br/arquivos/PA2018-2894.pdf
SNSG;PE0008;Salgueiro;SALGUEIRO;Pernambuco;Salgueiro;Pernambuco;-8.0466667;-39.133889;08°02'48"S;039°08'02"W;469,0;;;17/35;1300,0000;30,00;6/F/B/Y/U;Asfalto;;;;;;Interditado;07/05/2028;PA2018-1374;https://pergamum.anac.gov.br/arquivos/PA2018-1374.pdf
SNAE;PE0007;Arcoverde;ARCOVERDE;Pernambuco;Arcoverde;Pernambuco;-8.4077778;-37.088333;08°24'28"S;037°05'18"W;648,0;;;15/33;1300,0000;28,00;6/F/B/Y/U;Asfalto;;;;;;Cadastrado;05/12/2028;PA2018-3679;https://pergamum.anac.gov.br/arquivos/PA2018-3679.pdf
SSRF;BA0034;Castro Alves;CASTRO ALVES;Bahia;Castro Alves;Bahia;-12.767778;-39.444722;12°46'04"S;039°26'41"W;261,0;VFR;Sem Operação;13/31;1200,0000;21,00;8/F/C/Y/U;Cascalho;;;;;;Cadastrado;22/05/2033;PA2023-11201;https://pergamum.anac.gov.br/arquivos/PA2023-11201.pdf
SNGA;ES0007;Guarapari;GUARAPARI;Espírito Santo;Guarapari;Espírito Santo;-20.646389;-40.491667;20°38'47"S;040°29'30"W;9,0;;;06/24;1088,0000;28,00;13/F/C/X/T;Asfalto;;;;;;Interditado;06/11/2027;PA2017-3632;https://pergamum.anac.gov.br/arquivos/PA2017-3632.pdf
SWLC;GO0009;General Leite de Castro;RIO VERDE;Goiás;Rio Verde;Goiás;-17.834722;-50.956111;17°50'05"S;050°57'22"W;751,0;VFR;VFR;03/21;1500,0000;30,00;19/F/C/Y/U;Asfalto;;;;;;Cadastrado;17/05/2025;PA2015-1270;https://pergamum.anac.gov.br/arquivos/PA2015-1270.pdf
SNOX;PA0014;Oriximiná;ORIXIMINÁ;Pará;Oriximiná;Pará;-1.7136111;-55.835833;01°42'49"S;055°50'09"W;80,0;VFR;Sem Operação;17/35;1600,0000;30,00;27/F/B/X/U;Asfalto;;;;;;Cadastrado;09/04/2030;PA2020-0969;https://pergamum.anac.gov.br/arquivos/PA2020-0969.pdf
SBCB;RJ0003;Cabo Frio;CABO FRIO;Rio de Janeiro;Cabo Frio;Rio de Janeiro;-22.920833;-42.071389;22°55'15"S;042°04'17"W;7,0;VFR / IFR Não Precisão;VFR / IFR Não Precisão;10/28;2550,0000;45,00;76/F/C/X/T;Asfalto;;;;;;Cadastrado;17/07/2029;PA2019-2127;https://pergamum.anac.gov.br/arquivos/PA2019-2127.pdf
SDRS;RJ0007;Resende;;;Resende;Rio de Janeiro;-22.478611;-44.481667;22°28'43"S;044°28'54"W;402,0;VFR;;08/26;1300,0000;30,00;13/F/C/Y/U;Asfalto;;;;;;Cadastrado;09/04/2030;PA2020-0973;https://pergamum.anac.gov.br/arquivos/PA2020-0973.pdf
SBSG;RN0001;Aeroporto Internacional do Rio Grande do Norte / São Gonçalo do Amarante - Governador Aluizio Alves;SÃO GONÇALO DO AMARANTE;Rio Grande do Norte;Natal;Rio Grande do Norte;-5.7688889;-35.366389;05°46'08"S;035°21'59"W;83,0;;;12/30;3000,0000;60,00;70/F/A/X/T;Asfalto;;;;;;Cadastrado;30/05/2024;PA2014-1256;https://pergamum.anac.gov.br/arquivos/PA2014-1256.pdf
SJBY;MA0007;João Silva;SANTA INÊS;Maranhão;Santa Inês;Maranhão;-3.6544444;-45.345278;03°39'16"S;045°20'43"W;21,0;;;06/24;1500,0000;30,00;10/F/C/Y/T;Asfalto;;;;;;Cadastrado;20/05/2030;PA2020-1297;https://pergamum.anac.gov.br/arquivos/PA2020-1297.pdf
SNBI;MA0005;Bacabal;BACABAL;Maranhão;Bacabal;Maranhão;-4.2280556;-44.819722;04°13'41"S;044°49'11"W;21,0;;;10/28;1600,0000;30,00;25/F/A/X/T;Asfalto;;;;;;Cadastrado;27/02/2028;PA2018-0629;https://pergamum.anac.gov.br/arquivos/PA2018-0629.pdf
SSTB;SC0013;Três Barras;TRÊS BARRAS;Santa Catarina;Três Barras;Santa Catarina;-26.135278;-50.310556;26°08'07"S;050°18'38"W;789,0;VFR;;04/22;1330,0000;18,00;5000 Kg /   0.50 MPa;Asfalto;;;;;;Cadastrado;06/10/2033;PA2023-12.671;https://pergamum.anac.gov.br/arquivos/PA2023-12.671.pdf
SWRO;RO0002;Aeroclube de Rondônia;PORTO VELHO;Rondônia;Porto Velho;Rondônia;-8.7941667;-63.8575;08°47'39"S;063°51'27"W;113,0;VFR;Sem Operação;01/19;1300,0000;30,00;8/F/C/Y/U;Terra;;;;;;Cadastrado;11/07/2033;PA2023-11804;https://pergamum.anac.gov.br/arquivos/PA2023-11804.pdf
SBIP;MG0007;Usiminas;SANTANA DO PARAÍSO;Minas Gerais;Santana do Paraíso;Minas Gerais;-19.470556;-42.488056;19°28'14"S;042°29'17"W;240,0;VFR / IFR Não Precisão;;05/23;2004,0000;45,00;33/F/B/X/T;Asfalto;;;;;;Cadastrado;09/02/2032;PA2022-7095;https://pergamum.anac.gov.br/arquivos/PA2022-7095.pdf
SSLN;SC0018;Helmuth Baungartem;LONTRAS;Santa Catarina;Lontras;Santa Catarina;-27.159722;-49.542778;27°09'35"S;049°32'34"W;334,0;;;07/25;1077,0000;23,00;10/F/C/Y/U;Asfalto;;;;;;Cadastrado;23/04/2030;PA2020-1081;https://pergamum.anac.gov.br/arquivos/PA2020-1081.pdf
SNVS;PA0015;Breves;BREVES;Pará;Breves;Pará;-1.6363889;-50.443333;01°38'11"S;050°26'36"W;30,0;VFR;;07/25;1600,0000;30,00;27/F/B/X/T;Asfalto;;;;;;Cadastrado;28/03/2026;PA2016-0724;https://pergamum.anac.gov.br/arquivos/PA2016-0724.pdf
SBSO;MT0005;Regional de Sorriso Adolino Bedin;SORRISO;Mato Grosso;Sorriso;Mato Grosso;-12.472778;-55.668889;12°28'22"S;055°40'08"W;386,0;VFR / IFR Não Precisão;VFR / IFR Não Precisão;05/23;1700,0000;30,00;26/F/A/Y/T;Asfalto;;;;;;Cadastrado;05/08/2025;PA2016-0745;https://pergamum.anac.gov.br/arquivos/PA2016-0745.pdf
SBCA;PR0005;Aeroporto Regional do Oeste - Cel. Adalberto Mendes da Silva - Cascavel - Paraná;CASCAVEL;Paraná;Cascavel;Paraná;-25.002222;-53.501944;25°00'08"S;053°30'07"W;759,0;;;15/33;1771,0000;45,00;48/F/B/X/T;Asfalto;;;;;;Cadastrado;20/11/2025;PA2022-9115;https://pergamum.anac.gov.br/arquivos/PA2022-9115.pdf
SNDV;MG0015;Brigadeiro Antônio Cabral;DIVINÓPOLIS;Minas Gerais;Divinópolis;Minas Gerais;-20.181944;-44.87;20°10'55"S;044°52'12"W;795,0;;;17/35;1540,0000;30,00;20/F/B/X/T;Asfalto;;;;;;Cadastrado;07/01/2026;PA2016-0019;https://pergamum.anac.gov.br/arquivos/PA2016-0019.pdf
SDCA;SP0051;Capão Bonito;CAPÃO BONITO;São Paulo;Capão Bonito;São Paulo;-24.033611;-48.356944;24°02'01"S;048°21'25"W;714,0;;;16/34;1360,0000;20,00;10/F/C/Y/U;Asfalto;;;;;;Interditado;07/11/2027;PA2018-2893;https://pergamum.anac.gov.br/arquivos/PA2018-2893.pdf
SNMJ;BA0031;Maracás;MARACÁS;Bahia;Maracás;Bahia;-13.386111;-40.466111;13°23'10"S;040°27'58"W;962,0;;;07/25;1300,0000;20,00;5700 Kg /   0.50 MPa;Asfalto;;;;;;Cadastrado;16/06/2024;PA2014-1386;https://pergamum.anac.gov.br/arquivos/PA2014-1386.pdf
SSNH;RS0023;Novo Hamburgo;NOVO HAMBURGO;Rio Grande do Sul;Novo Hamburgo;Rio Grande do Sul;-29.699167;-51.081944;29°41'57"S;051°04'55"W;15,0;VFR;Sem Operação;02/20;870,0000;30,00;5700 Kg /   0.50 MPa;Grama;;;;;;Cadastrado;25/06/2030;PA2020-1592;https://pergamum.anac.gov.br/arquivos/PA2020-1592.pdf
SNSE;BA0056;Sento Sé;SENTO SÉ;Bahia;Sento Sé;Bahia;-9.7575;-41.855;09°45'27"S;041°51'18"W;398,0;;;15/33;1195,0000;19,00;10/F/B/Y/U;Cascalho;;;;;;Cadastrado;28/07/2024;PA2014-1707;https://pergamum.anac.gov.br/arquivos/PA2014-1707.pdf
SSSD;RS0017;Soledade;SOLEDADE;Rio Grande do Sul;Soledade;Rio Grande do Sul;-28.863333;-52.540556;28°51'48"S;052°32'26"W;673,0;;;17/35;1199,0000;23,00;5700 Kg /   1.00 MPa;Grama;;;;;;Cadastrado;19/05/2030;PA2020-1287;https://pergamum.anac.gov.br/arquivos/PA2020-1287.pdf
SWTS;MT0012;Tangará da Serra;TANGARÁ DA SERRA;Mato Grosso;Tangará da Serra;Mato Grosso;-14.661944;-57.443889;14°39'43"S;057°26'38"W;449,0;VFR;Sem Operação;18/36;1500,0000;30,00;12/F/B/X/T;Asfalto;;;;;;Cadastrado;23/08/2028;PA2018-2573;https://pergamum.anac.gov.br/arquivos/PA2018-2573.pdf
SNRX;MA0009;Riachão;RIACHÃO;Maranhão;Riachão;Maranhão;-7.3463889;-46.6275;07°20'47"S;046°37'39"W;400,0;VFR;Sem Operação;12/30;860,0000;22,00;6/F/C/Y/U;Terra;;;;;;Cadastrado;10/11/2032;PA2022-9622;https://pergamum.anac.gov.br/arquivos/PA2022-9622.pdf
SBDN;SP0005;Presidente Prudente;PRESIDENTE PRUDENTE;São Paulo;Presidente Prudente;São Paulo;-22.175;-51.424444;22°10'30"S;051°25'28"W;452,0;VFR / IFR Não Precisão;VFR / IFR Não Precisão;12/30;2100,0000;35,00;38/F/A/X/T;Asfalto;;;;;;Cadastrado;09/05/2026;PA2022-9949;https://pergamum.anac.gov.br/arquivos/PA2022-9949.pdf
SBGO;GO0001;Santa Genoveva;GOIÂNIA;Goiás;Goiânia;Goiás;-16.6325;-49.221111;16°37'57"S;049°13'16"W;747,0;;;14/32;2286,0000;45,00;70/F/A/X/T;Asfalto;;;;;;Cadastrado;;PA2017-3371;https://pergamum.anac.gov.br/arquivos/PA2017-3371.pdf
SBBR;DF0001;Presidente Juscelino Kubitschek;BRASÍLIA;Distrito Federal;Brasília;Distrito Federal;-15.871111;-47.918611;15°52'16"S;047°55'07"W;1066,0;VFR / IFR - CAT I;VFR / IFR - CAT I;11L/29;3200,0000;45,00;76/F/B/X/T;Asfalto;11R/29;3300,0000;45,00;65/F/B/W/T;Asfalto;Cadastrado;02/01/2033;PA2022-10055;https://pergamum.anac.gov.br/arquivos/PA2022-10055.pdf
SSGY;PR0023;Guaíra;GUAÍRA;Paraná;Guaíra;Paraná;-24.079722;-54.188056;24°04'47"S;054°11'17"W;271,0;;;08/26;1300,0000;30,00;24/F/D/X/T;Asfalto;;;;;;Cadastrado;09/02/2032;PA2022-7099;https://pergamum.anac.gov.br/arquivos/PA2022-7099.pdf
SSPI;PR0010;Edu Chaves;PARANAVAÍ;Paraná;Paranavaí;Paraná;-23.09;-52.488611;23°05'24"S;052°29'19"W;474,0;VFR;Sem Operação;13/31;1500,0000;30,00;13/F/C/Y/U;Asfalto;;;;;;Cadastrado;;PA2015-1832;https://pergamum.anac.gov.br/arquivos/PA2015-1832.pdf
SNAX;SP0016;Marcelo Pires Halzhausen;ASSIS;São Paulo;Assis;São Paulo;-22.638611;-50.455833;22°38'19"S;050°27'21"W;564,0;;;12/30;1689,0000;30,00;25/F/C/Y/U;Asfalto;;;;;;Cadastrado;02/03/2026;PA2022-8238;https://pergamum.anac.gov.br/arquivos/PA2022-8238.pdf
SSBV;MS0011;Bela Vista;BELA VISTA;Mato Grosso do Sul;Bela Vista;Mato Grosso do Sul;-22.082222;-56.538333;22°04'56"S;056°32'18"W;235,0;VFR;Sem Operação;03/21;1300,0000;23,00;10/F/B/Y/T;Terra;;;;;;Interditado;;PD1999-0028;https://pergamum.anac.gov.br/arquivos/PD1999-0028.pdf
SDNH;SP0060;Novo Horizonte;NOVO HORIZONTE;São Paulo;Novo Horizonte;São Paulo;-21.497778;-49.234444;21°29'52"S;049°14'04"W;465,0;VFR;Sem Operação;13/31;1000,0000;20,00;5700 Kg /   0.50 MPa;Cascalho;;;;;;Cadastrado;17/06/2026;PA2016-1523;https://pergamum.anac.gov.br/arquivos/PA2016-1523.pdf
SDNO;SP0061;Nelson Garófalo;SÃO MANUEL;São Paulo;São Manuel;São Paulo;-22.696111;-48.576111;22°41'46"S;048°34'34"W;734,0;;;14/32;1000,0000;20,00;13/F/C/Y/U;Asfalto;;;;;;Cadastrado;28/10/2030;PA2020-2976;https://pergamum.anac.gov.br/arquivos/PA2020-2976.pdf
SNJR;MG0034;Prefeito Octávio de Almeida Neves;SÃO JOÃO DEL REI;Minas Gerais;São João Del Rei;Minas Gerais;-21.085556;-44.225278;21°05'08"S;044°13'31"W;945,0;;;08/26;1400,0000;30,00;16/F/B/Y/T;Asfalto;;;;;;Cadastrado;22/05/2025;PA2015-1205;https://pergamum.anac.gov.br/arquivos/PA2015-1205.pdf
SNPJ;MG0042;Patrocínio;PATROCÍNIO;Minas Gerais;Patrocínio;Minas Gerais;-18.909167;-46.982778;18°54'33"S;046°58'58"W;985,0;VFR;;05/23;1200,0000;30,00;14/F/B/Y/T;Asfalto;;;;;;Cadastrado;03/06/2029;PA2019-1662;https://pergamum.anac.gov.br/arquivos/PA2019-1662.pdf
SNPC;PI0009;Picos;PICOS;Piauí;Picos;Piauí;-7.0613889;-41.525833;07°03'41"S;041°31'33"W;335,0;;;14/32;1641,0000;30,00;8/F/C/Y/U;Asfalto;;;;;;Cadastrado;;PA2022-8724;https://pergamum.anac.gov.br/arquivos/PA2022-8724.pdf
SNYU;MG0014;ITURAMA;ITURAMA;Minas Gerais;Iturama;Minas Gerais;-19.717222;-50.220278;19°43'02"S;050°13'13"W;475,0;VFR;VFR;18/36;1550,0000;30,00;10/F/A/Y/T;Asfalto;;;;;;Cadastrado;23/09/2030;PA2020-2411;https://pergamum.anac.gov.br/arquivos/PA2020-2411.pdf
SSKM;PR0017;Campo Mourão;CAMPO MOURÃO;Paraná;Campo Mourão;Paraná;-24.0025;-52.356944;24°00'09"S;052°21'25"W;574,0;VFR;VFR;02/20;1370,0000;30,00;14/F/C/Y/U;Asfalto;;;;;;Cadastrado;04/03/2030;PA2020-0578;https://pergamum.anac.gov.br/arquivos/PA2020-0578.pdf
SBIH;PA0010;Itaituba;ITAITUBA;Pará;Itaituba;Pará;-4.2422222;-56.000833;04°14'32"S;056°00'03"W;33,0;VFR / IFR Não Precisão;VFR / IFR Não Precisão;05/23;1700,0000;30,00;26/F/B/X/T;Asfalto;;;;;;Cadastrado;10/07/2030;PA2020-1747;https://pergamum.anac.gov.br/arquivos/PA2020-1747.pdf
SBSI;MT0002;Presidente João Batista Figueiredo;SINOP;Mato Grosso;Sinop;Mato Grosso;-11.885;-55.586111;11°53'06"S;055°35'10"W;374,0;;;03/21;1630,0000;30,00;36/F/A/X/T;Asfalto;;;;;;Cadastrado;06/04/2026;PA2018-2965;https://pergamum.anac.gov.br/arquivos/PA2018-2965.pdf
SBAE;SP0010;Bauru/Arealva;BAURU;São Paulo;Bauru;São Paulo;-22.157778;-49.068333;22°09'28"S;049°04'06"W;598,0;;;17/35;2010,0000;45,00;42/F/A/X/T;Asfalto;;;;;;Cadastrado;13/05/2031;PA2021-4952;https://pergamum.anac.gov.br/arquivos/PA2021-4952.pdf
SNQV;MG0044;Curvelo;CURVELO;Minas Gerais;Curvelo;Minas Gerais;-18.749444;-44.458056;18°44'58"S;044°27'29"W;672,0;VFR;Sem Operação;09/27;1200,0000;23,00;5000 Kg /   0.50 MPa;Asfalto;;;;;;Cadastrado;16/10/2028;PA2018-3127;https://pergamum.anac.gov.br/arquivos/PA2018-3127.pdf
SWEI;AM0009;Eirunepé;EIRUNEPÉ;Amazonas;Eirunepé;Amazonas;-6.6394444;-69.879722;06°38'22"S;069°52'47"W;122,0;VFR;Sem Operação;16/34;2300,0000;45,00;30/F/C/X/U;Asfalto;;;;;;Cadastrado;03/04/2033;PA2023-10757;https://pergamum.anac.gov.br/arquivos/PA2023-10757.pdf
SNGN;PE0006;Garanhuns;GARANHUNS;Pernambuco;Garanhuns;Pernambuco;-8.8344444;-36.471389;08°50'04"S;036°28'17"W;759,0;;;16/34;1259,0000;28,00;6/F/C/Y/T;Asfalto;;;;;;Cadastrado;07/05/2028;PA2018-1372;https://pergamum.anac.gov.br/arquivos/PA2018-1372.pdf
SWPR;GO0029;Pires do Rio;PIRES DO RIO;Goiás;Pires do Rio;Goiás;-17.318889;-48.335278;17°19'08"S;048°20'07"W;781,0;VFR;;11/29;1080,0000;18,00;8/F/C/Y/U;Asfalto;;;;;;Cadastrado;14/02/2033;PA2023-10489;https://pergamum.anac.gov.br/arquivos/PA2023-10489.pdf
SNSS;MG0029;Salinas;SALINAS;Minas Gerais;Salinas;Minas Gerais;-16.208333;-42.321944;16°12'30"S;042°19'19"W;763,0;VFR;Sem Operação;18/36;1480,0000;30,00;8/F/B/Y/T;Asfalto;;;;;;Cadastrado;11/07/2029;PA2019-2065;https://pergamum.anac.gov.br/arquivos/PA2019-2065.pdf
SJVO;GO0030;Aragarças;ARAGARÇAS;Goiás;Aragarças;Goiás;-15.899444;-52.240833;15°53'58"S;052°14'27"W;323,0;;;10/28;1322,0000;30,00;14/F/B/X/U;Asfalto;;;;;;Interditado;21/07/2032;PA2022-8544;https://pergamum.anac.gov.br/arquivos/PA2022-8544.pdf
SBRF;PE0001;AEROPORTO INTERNACIONAL RECIFE/GUARARAPES - GILBERTO FREYRE;RECIFE;Pernambuco;Recife;Pernambuco;-8.1263889;-34.922778;08°07'35"S;034°55'22"W;10,0;;;18/36;2751,0000;45,00;72/F/B/X/T;Asfalto;;;;;;Cadastrado;;PA2023-12.702;https://pergamum.anac.gov.br/arquivos/PA2023-12.702.pdf
SJXI;MG0311;Santa Rita do Sapucaí;SANTA RITA DO SAPUCAÍ;Minas Gerais;Santa Rita do Sapucaí;Minas Gerais;-22.272778;-45.64;22°16'22"S;045°38'24"W;882,0;VFR;Sem Operação;16/34;1000,0000;30,00;5700 Kg /   0.50 MPa;Terra;;;;;;Cadastrado;24/12/2029;PA2019-3886;https://pergamum.anac.gov.br/arquivos/PA2019-3886.pdf
SBJF;MG0016;Francisco de Assis;JUIZ DE FORA;Minas Gerais;Juiz de Fora;Minas Gerais;-21.793056;-43.385556;21°47'35"S;043°23'08"W;911,0;VFR / IFR Não Precisão;VFR / IFR Não Precisão;03/21;1535,0000;30,00;32/F/A/Y/T;Asfalto;;;;;;Cadastrado;31/07/2030;PA2020-1921;https://pergamum.anac.gov.br/arquivos/PA2020-1921.pdf
SNTO;MG0048;Juscelino Kubitscheck;TEÓFILO OTONI;Minas Gerais;Teófilo Otoni;Minas Gerais;-17.890833;-41.515;17°53'27"S;041°30'54"W;480,0;VFR;VFR;11/29;1190,0000;23,00;10/F/B/Y/U;Asfalto;;;;;;Cadastrado;23/06/2030;PA2020-1559;https://pergamum.anac.gov.br/arquivos/PA2020-1559.pdf
SDVE;SP0070;Vera Cruz;VERA CRUZ;São Paulo;Vera Cruz;São Paulo;-22.230278;-49.816944;22°13'49"S;049°49'01"W;640,0;VFR;Sem Operação;15/33;950,0000;20,00;5600 Kg /   0.50 MPa;Asfalto;;;;;;Cadastrado;17/04/2030;PA2020-1028;https://pergamum.anac.gov.br/arquivos/PA2020-1028.pdf
SBMI;RJ0009;Maricá;MARICÁ;Rio de Janeiro;Maricá;Rio de Janeiro;-22.918056;-42.828889;22°55'05"S;042°49'44"W;,0;;;09/27;1190,0000;30,00;13/F/A/X/T;Asfalto;;;;;;Cadastrado;;PA2019-0538;https://pergamum.anac.gov.br/arquivos/PA2019-0538.pdf
SSOL;MG0027;Padre Israel (Israel Batista de Carvalho);LAVRAS;Minas Gerais;Lavras;Minas Gerais;-21.240556;-44.964167;21°14'26"S;044°57'51"W;959,0;;;05/23;1500,0000;30,00;12/F/C/Y/T;Asfalto;;;;;;Cadastrado;07/07/2031;PA2021-5271;https://pergamum.anac.gov.br/arquivos/PA2021-5271.pdf
SSLG;RS0021;São Luiz Gonzaga;SÃO LUIZ GONZAGA;Rio Grande do Sul;São Luiz Gonzaga;Rio Grande do Sul;-28.376389;-55.0375;28°22'35"S;055°02'15"W;200,0;;;06/24;1200,0000;60,00;8/F/C/Y/U;Saibro;;;;;;Cadastrado;14/05/2031;PA2021-4950;https://pergamum.anac.gov.br/arquivos/PA2021-4950.pdf
SDRK;SP0049;Rio Claro;RIO CLARO;São Paulo;Rio Claro;São Paulo;-22.431667;-47.5625;22°25'54"S;047°33'45"W;600,0;;;03/21;1047,0000;40,00;5600 Kg /   0.50 MPa;Terra;;;;;;Cadastrado;29/05/2028;PA2018-1635;https://pergamum.anac.gov.br/arquivos/PA2018-1635.pdf
SNPY;MG0013;São Sebastião do Paraíso;SÃO SEBASTIÃO DO PARAÍSO;Minas Gerais;São Sebastião do Paraíso;Minas Gerais;-20.948333;-46.983056;20°56'54"S;046°58'59"W;950,0;;;05/23;1600,0000;30,00;8/F/C/Y/U;Asfalto;;;;;;Cadastrado;26/12/2029;PA2019-3901;https://pergamum.anac.gov.br/arquivos/PA2019-3901.pdf
SNKD;MG0070;Conceição do Mato Dentro;CONCEIÇÃO DO MATO DENTRO;Minas Gerais;Conceição do Mato Dentro;Minas Gerais;-19.018611;-43.435278;19°01'07"S;043°26'07"W;668,0;;;16/34;960,0000;23,00;8/F/B/X/T;Asfalto;;;;;;Interditado;30/06/2032;PA2022-8303;https://pergamum.anac.gov.br/arquivos/PA2022-8303.pdf
SDNM;MT0047;Brigadeiro Eduardo Gomes;NOVA MUTUM;Mato Grosso;Nova Mutum;Mato Grosso;-13.821111;-56.038611;13°49'16"S;056°02'19"W;430,0;;;05/23;1541,0000;24,00;18/F/B/Y/U;Asfalto;;;;;;Cadastrado;03/11/2031;PA2021-6214;https://pergamum.anac.gov.br/arquivos/PA2021-6214.pdf
SDVG;SP0026;Domingos Pignatari;VOTUPORANGA;São Paulo;Votuporanga;São Paulo;-20.457222;-50.0025;20°27'26"S;050°00'09"W;511,0;;;05/23;1500,0000;30,00;26/F/B/X/T;Asfalto;;;;;;Cadastrado;03/12/2030;PA2020-3476;https://pergamum.anac.gov.br/arquivos/PA2020-3476.pdf
SSOI;SP0043;Pederneiras;PEDERNEIRAS;São Paulo;Pederneiras;São Paulo;-22.307222;-48.773056;22°18'26"S;048°46'23"W;536,0;;;16/34;1165,0000;20,00;7/F/B/Y/T;Asfalto;;;;;;Cadastrado;04/06/2024;PA2021-5709;https://pergamum.anac.gov.br/arquivos/PA2021-5709.pdf
SNRZ;MG0049;Oliveira;OLIVEIRA;Minas Gerais;Oliveira;Minas Gerais;-20.714444;-44.865278;20°42'52"S;044°51'55"W;1015,0;VFR;VFR;03/21;1180,0000;18,00;5700 Kg /   0.50 MPa;Asfalto;;;;;;Cadastrado;16/09/2031;PA2020-2420;https://pergamum.anac.gov.br/arquivos/PA2020-2420.pdf
SBBU;SP0017;Bauru;BAURU;São Paulo;Bauru;São Paulo;-22.345;-49.053889;22°20'42"S;049°03'14"W;617,0;VFR / IFR Não Precisão;VFR / IFR Não Precisão;14/32;1501,0000;35,00;13/F/A/X/T;Asfalto;;;;;;Cadastrado;30/03/2033;PA2023-10813;https://pergamum.anac.gov.br/arquivos/PA2023-10813.pdf
SDUN;RJ0008;Itaperuna;ITAPERUNA;Rio de Janeiro;Itaperuna;Rio de Janeiro;-21.219167;-41.875833;21°13'09"S;041°52'33"W;110,0;;;07/25;1200,0000;28,00;13/F/A/X/T;Asfalto;;;;;;Cadastrado;10/03/2032;PA2022-7428;https://pergamum.anac.gov.br/arquivos/PA2022-7428.pdf
SNBC;MA0006;Barra do Corda;BARRA DO CORDA;Maranhão;Barra do Corda;Maranhão;-5.5025;-45.216111;05°30'09"S;045°12'58"W;160,0;VFR;Sem Operação;09/27;1250,0000;30,00;13/F/B/Y/U;Piçarra;;;;;;Cadastrado;23/04/2030;PA2020-1088;https://pergamum.anac.gov.br/arquivos/PA2020-1088.pdf
SDPN;SP0024;Penápolis;PENÁPOLIS;São Paulo;Penápolis;São Paulo;-21.41;-50.033611;21°24'36"S;050°02'01"W;412,0;VFR;VFR;15/33;1500,0000;30,00;27/F/A/X/T;Asfalto;;;;;;Cadastrado;13/01/2033;PA2023-10221;https://pergamum.anac.gov.br/arquivos/PA2023-10221.pdf
SNUB;MG0058;Ubá;UBÁ;Minas Gerais;Ubá;Minas Gerais;-21.12;-42.883611;21°07'12"S;042°53'01"W;317,0;;;16/34;1402,0000;30,00;8/F/C/Y/U;Asfalto;;;;;;Cadastrado;24/08/2032;PA2022-8725;https://pergamum.anac.gov.br/arquivos/PA2022-8725.pdf
SNOE;PI0008;Oeiras;OEIRAS;Piauí;Oeiras;Piauí;-7.0183333;-42.167222;07°01'06"S;042°10'02"W;266,0;VFR;Sem Operação;12/30;1200,0000;23,00;10/F/B/Y/T;Asfalto;;;;;;Cadastrado;25/10/2023;PA2023-12.855;https://pergamum.anac.gov.br/arquivos/PA2023-12.855.pdf
SBKP;SP0003;Viracopos;CAMPINAS;São Paulo;Campinas;São Paulo;-23.006944;-47.134444;23°00'25"S;047°08'04"W;661,0;;;15/33;3240,0000;45,00;56/F/B/X/T;Asfalto;;;;;;Cadastrado;;PA2018-3677;https://pergamum.anac.gov.br/arquivos/PA2018-3677.pdf
SDFD;SP0054;Coronel Aviador Carlos Orleans Guimarães;FERNANDÓPOLIS;São Paulo;Fernandópolis;São Paulo;-20.276667;-50.213889;20°16'36"S;050°12'50"W;499,0;;;08/26;1000,0000;25,00;16/F/A/X/T;Asfalto;;;;;;Cadastrado;02/05/2028;PA2018-1338;https://pergamum.anac.gov.br/arquivos/PA2018-1338.pdf
SNFE;MG0012;Comandante Paschoal Patrocínio Filho;ALFENAS;Minas Gerais;Alfenas;Minas Gerais;-21.431389;-45.932222;21°25'53"S;045°55'56"W;881,0;VFR;VFR;04/22;1600,0000;30,00;8/F/C/Y/U;Asfalto;;;;;;Cadastrado;15/08/2033;PA2023-12094;https://pergamum.anac.gov.br/arquivos/PA2023-12094.pdf
SBPG;PR0012;Comandante Antônio Amilton Beraldo;PONTA GROSSA;Paraná;Ponta Grossa;Paraná;-25.184444;-50.143889;25°11'04"S;050°08'38"W;789,0;VFR / IFR Não Precisão;VFR / IFR Não Precisão;08/26;1430,0000;30,00;33/F/C/X/U;Asfalto;;;;;;Cadastrado;18/11/2024;PA2018-2953;https://pergamum.anac.gov.br/arquivos/PA2018-2953.pdf
SWGI;TO0004;Gurupi;GURUPI;Tocantins;Gurupi;Tocantins;-11.739444;-49.133333;11°44'22"S;049°08'00"W;350,0;VFR;VFR;12/30;1700,0000;30,00;10/F/B/X/T;Asfalto;;;;;;Cadastrado;23/06/2030;PA2020-1566;https://pergamum.anac.gov.br/arquivos/PA2020-1566.pdf
SIZX;MT0018;Juara Sul;JUARA;Mato Grosso;Juara;Mato Grosso;-11.296667;-57.548889;11°17'48"S;057°32'56"W;302,0;;;11/29;1200,0000;30,00;5700 Kg /   0.50 MPa;Cascalho;;;;;;Cadastrado;12/01/2031;PA2021-3950;https://pergamum.anac.gov.br/arquivos/PA2021-3950.pdf
SNJB;BA0062;Jacobina;JACOBINA;Bahia;Jacobina;Bahia;-11.163056;-40.553333;11°09'47"S;040°33'12"W;489,0;;;14/32;900,0000;24,00;6/F/C/Y/U;Asfalto;;;;;;Cadastrado;03/08/2025;PA2015-2078;https://pergamum.anac.gov.br/arquivos/PA2015-2078.pdf
SNJP;MG0036;João Pinheiro;JOÃO PINHEIRO;Minas Gerais;João Pinheiro;Minas Gerais;-17.7875;-46.120278;17°47'15"S;046°07'13"W;911,0;;;06/24;1300,0000;23,00;5670 Kg /   0.50 MPa;Asfalto;;;;;;Cadastrado;10/12/2031;PA2021-6588;https://pergamum.anac.gov.br/arquivos/PA2021-6588.pdf
SBTU;PA0007;Tucuruí;TUCURUÍ;Pará;Tucuruí;Pará;-3.7769444;-49.719722;03°46'37"S;049°43'11"W;253,0;;;02/20;2000,0000;45,00;33/F/C/X/U;Asfalto;;;;;;Cadastrado;23/07/2026;PA2016-1885;https://pergamum.anac.gov.br/arquivos/PA2016-1885.pdf
SWMW;AM0020;Maués;MAUÉS;Amazonas;Maués;Amazonas;-3.3719444;-57.724722;03°22'19"S;057°43'29"W;21,0;VFR;Sem Operação;01/19;1200,0000;30,00;8/F/C/Y/U;Asfalto;;;;;;Cadastrado;18/11/2032;PA2022-9655;https://pergamum.anac.gov.br/arquivos/PA2022-9655.pdf
SDBK;SP0019;Tancredo de Almeida Neves;BOTUCATU;São Paulo;Botucatu;São Paulo;-22.937778;-48.468056;22°56'16"S;048°28'05"W;888,0;;;01/19;1500,0000;30,00;40/F/A/X/T;Asfalto;;;;;;Cadastrado;07/03/2033;PA2023-10633;https://pergamum.anac.gov.br/arquivos/PA2023-10633.pdf
SN3Y;BA0251;Novo Aeroporto de Bom Jesus da Lapa;BOM JESUS DA LAPA;Bahia;Bom Jesus da Lapa;Bahia;-13.2725;-43.314722;13°16'21"S;043°18'53"W;443,0;VFR;VFR;01/19;1550,0000;30,00;13/F/A/X/T;Asfalto;;;;;;Cadastrado;02/05/2033;PA2023-11.106;https://pergamum.anac.gov.br/arquivos/PA2023-11.106.pdf
SSMT;RS0044;Mostardas;MOSTARDAS;Rio Grande do Sul;Mostardas;Rio Grande do Sul;-31.101111;-50.908056;31°06'04"S;050°54'29"W;18,0;VFR;Sem Operação;05/23;975,0000;18,00;5700 Kg /   0.50 MPa;Asfalto;;;;;;Cadastrado;07/06/2033;PA2023-11539;https://pergamum.anac.gov.br/arquivos/PA2023-11539.pdf
SBBP;SP0036;Estadual Arthur Siqueira;BRAGANÇA PAULISTA;São Paulo;Bragança Paulista;São Paulo;-22.978889;-46.537222;22°58'44"S;046°32'14"W;893,0;VFR;VFR;16/34;1200,0000;30,00;16/F/B/X/T;Asfalto;;;;;;Cadastrado;28/06/2033;PA2023-11736;https://pergamum.anac.gov.br/arquivos/PA2023-11736.pdf
SSKW;RO0004;Cacoal;CACOAL;Rondônia;Cacoal;Rondônia;-11.495556;-61.450833;11°29'44"S;061°27'03"W;249,0;;;17/35;2100,0000;45,00;31/F/A/X/T;Asfalto;;;;;;Cadastrado;23/06/2030;PA2020-1567;https://pergamum.anac.gov.br/arquivos/PA2020-1567.pdf
SBMG;PR0004;Sílvio Name Júnior;MARINGÁ;Paraná;Maringá;Paraná;-23.476389;-52.017778;23°28'35"S;052°01'04"W;549,0;;;10/28;2380,0000;45,00;45/F/A/X/T;Asfalto;;;;;;Cadastrado;;PA2022-8564;https://pergamum.anac.gov.br/arquivos/PA2022-8564.pdf
SBUR;MG0009;Mario de Almeida Franco;UBERABA;Minas Gerais;Uberaba;Minas Gerais;-19.764722;-47.966111;19°45'53"S;047°57'58"W;809,0;VFR / IFR Não Precisão;VFR / IFR Não Precisão;17/35;1759,0000;45,00;32/F/A/X/T;Asfalto;;;;;;Cadastrado;09/10/2033;PA2023-12.696;https://pergamum.anac.gov.br/arquivos/PA2023-12.696.pdf
SWHP;MT0006;Frederico Carlos Müller;ÁGUA BOA;Mato Grosso;Água Boa;Mato Grosso;-14.019722;-52.151944;14°01'11"S;052°09'07"W;450,0;;;03/21;1627,0000;18,00;5700 Kg /   0.50 MPa;Asfalto;;;;;;Cadastrado;19/09/2023;PA2021-5284;https://pergamum.anac.gov.br/arquivos/PA2021-5284.pdf
SSKZ;RS0009;Carazinho;CARAZINHO;Rio Grande do Sul;Carazinho;Rio Grande do Sul;-28.321667;-52.816667;28°19'18"S;052°49'00"W;590,0;;;11/29;1560,0000;30,00;12/F/B/Y/T;Asfalto;;;;;;Cadastrado;24/11/2028;PA2022-6995;https://pergamum.anac.gov.br/arquivos/PA2022-6995.pdf
SNMH;GO0018;Pirenópolis;PIRENÓPOLIS;Goiás;Pirenópolis;Goiás;-15.848611;-48.982778;15°50'55"S;048°58'58"W;784,0;;;15/33;1294,0000;30,00;18/F/A/Y/T;Asfalto;;;;;;Cadastrado;04/07/2032;PA2022-8421;https://pergamum.anac.gov.br/arquivos/PA2022-8421.pdf
SDDR;SP0021;Dracena;DRACENA;São Paulo;Dracena;São Paulo;-21.460556;-51.606944;21°27'38"S;051°36'25"W;372,0;;;09/27;1500,0000;30,00;14/F/A/X/T;Asfalto;;;;;;Cadastrado;11/04/2024;PA2014-904;https://pergamum.anac.gov.br/arquivos/PA2014-904.pdf
SNQU;BA0032;Mucugê;MUCUGÊ;Bahia;Mucugê;Bahia;-13.031667;-41.444444;13°01'54"S;041°26'40"W;1055,0;VFR;;07/25;1400,0000;19,00;6/F/C/Z/U;Asfalto;;;;;;Cadastrado;24/10/2032;PA2022-9471;https://pergamum.anac.gov.br/arquivos/PA2022-9471.pdf
SBPV;RO0001;Governador Jorge Teixeira de Oliveira;PORTO VELHO;Rondônia;Porto Velho;Rondônia;-8.7136111;-63.902778;08°42'49"S;063°54'10"W;90,0;;;01/19;2400,0000;45,00;64/F/A/X/T;Asfalto;;;;;;Cadastrado;;PA2022-7087;https://pergamum.anac.gov.br/arquivos/PA2022-7087.pdf
SNYB;MG0047;Tito Teixeira;ITUIUTABA;Minas Gerais;Ituiutaba;Minas Gerais;-19.001389;-49.487222;19°00'05"S;049°29'14"W;612,0;VFR;Sem Operação;03/21;1782,0000;30,00;8/F/B/X/U;Asfalto;;;;;;Cadastrado;05/04/2033;PA2023-10895;https://pergamum.anac.gov.br/arquivos/PA2023-10895.pdf
SSQP;BA0061;Monte Santo;MONTE SANTO;Bahia;Monte Santo;Bahia;-10.465278;-39.286111;10°27'55"S;039°17'10"W;442,0;VFR;;17/35;1000,0000;30,00;5700 Kg /   0.50 MPa;Piçarra;;;;;;Cadastrado;13/10/2025;PA2015-2706;https://pergamum.anac.gov.br/arquivos/PA2015-2706.pdf
SSCL;MS0018;Cassilândia;CASSILÂNDIA;Mato Grosso do Sul;Cassilândia;Mato Grosso do Sul;-19.146944;-51.676389;19°08'49"S;051°40'35"W;481,0;VFR;Sem Operação;13/31;1254,0000;18,00;10/F/B/Y/T;Asfalto;;;;;;Cadastrado;24/04/2027;PA2017-1340;https://pergamum.anac.gov.br/arquivos/PA2017-1340.pdf
SBAQ;SP0012;Bartolomeu de Gusmão;ARARAQUARA;São Paulo;Araraquara;São Paulo;-21.811944;-48.133056;21°48'43"S;048°07'59"W;711,0;;;17/35;1800,0000;30,00;40/F/A/X/T;Asfalto;;;;;;Cadastrado;10/05/2033;PA2023-11177;https://pergamum.anac.gov.br/arquivos/PA2023-11177.pdf
SSPS;PR0036;Dimorvan Carraro;PALMAS;Paraná;Palmas;Paraná;-26.472222;-51.975556;26°28'20"S;051°58'32"W;1100,0;VFR;Sem Operação;03/21;1050,0000;23,00;19/F/C/Y/U;Asfalto;;;;;;Cadastrado;13/04/2030;PA2020-0983;https://pergamum.anac.gov.br/arquivos/PA2020-0983.pdf
SSCR;PR0016;Balduino Helmuth Jope;MARECHAL CÂNDIDO RONDON;Paraná;Marechal Cândido Rondon;Paraná;-24.512778;-54.054722;24°30'46"S;054°03'17"W;421,0;;;01/19;1400,0000;30,00;10/F/C/Y/U;Asfalto;;;;;;Cadastrado;;PA2024-13.523;https://pergamum.anac.gov.br/arquivos/PA2024-13.523.pdf
SIBW;PB0008;Conceição;CONCEIÇÃO;Paraíba;Conceição;Paraíba;-7.5625;-38.4975;07°33'45"S;038°29'51"W;370,0;VFR;Sem Operação;08/26;1000,0000;27,00;8/F/C/Y/U;Asfalto;;;;;;Cadastrado;;PD2001-1493;https://pergamum.anac.gov.br/arquivos/PD2001-1493.pdf
SWVC;MT0016;Vila Rica;VILA RICA;Mato Grosso;Vila Rica;Mato Grosso;-9.9811111;-51.140556;09°58'52"S;051°08'26"W;254,0;VFR;Sem Operação;07/25;1350,0000;30,00;4000 Kg /   0.50 MPa;Terra;;;;;;Cadastrado;18/05/2030;PA2020-1286;https://pergamum.anac.gov.br/arquivos/PA2020-1286.pdf
SSFL;PI0006;João Pereira dos Santos Filho;FRONTEIRAS;Piauí;Fronteiras;Piauí;-7.1;-40.628333;07°06'00"S;040°37'42"W;448,0;;;11/29;1900,0000;25,00;7/F/A/Y/T;Asfalto;;;;;;Interditado;17/05/2029;PA2019-1470;https://pergamum.anac.gov.br/arquivos/PA2019-1470.pdf
SBCP;RJ0006;Bartolomeu Lisandro;CAMPOS DOS GOYTACAZES;Rio de Janeiro;Campos dos Goytacazes;Rio de Janeiro;-21.701111;-41.307778;21°42'04"S;041°18'28"W;18,0;VFR / IFR Não Precisão;VFR / IFR Não Precisão;07/25;1544,0000;45,00;29/F/A/X/T;Asfalto;;;;;;Cadastrado;;PA2018-2768;https://pergamum.anac.gov.br/arquivos/PA2018-2768.pdf
SIMK;SP0011;Tenente Lund Pressoto;FRANCA;São Paulo;Franca;São Paulo;-20.590278;-47.3825;20°35'25"S;047°22'57"W;1003,0;VFR;VFR;05/23;2000,0000;30,00;26/F/B/X/T;Asfalto;;;;;;Cadastrado;;;
SNPU;MG0073;COMANDANTE VIRGILIO BORIM;PARAGUAÇU;Minas Gerais;Paraguaçu;Minas Gerais;-21.561389;-45.754722;21°33'41"S;045°45'17"W;898,0;;;07/25;900,0000;30,00;8/F/C/Y/U;Terra;;;;;;Interditado;;;
SBSJ;SP0008;Professor Urbano Ernesto Stumpf;SÃO JOSÉ DOS CAMPOS;São Paulo;São José dos Campos;São Paulo;-23.228889;-45.871111;23°13'44"S;045°52'16"W;647,0;VFR / IFR - CAT I;VFR / IFR - CAT I;16/34;2675,0000;45,00;71/F/A/X/T;Asfalto;;;;;;Cadastrado;;PA2018-3263;https://pergamum.anac.gov.br/arquivos/PA2018-3263.pdf
SWDN;TO0006;Dianópolis;DIANÓPOLIS;Tocantins;Dianópolis;Tocantins;-11.595278;-46.847778;11°35'43"S;046°50'52"W;736,0;VFR;;10/28;1518,0000;30,00;12/F/B/X/T;Asfalto;;;;;;Cadastrado;16/06/2026;PA2016-1485;https://pergamum.anac.gov.br/arquivos/PA2016-1485.pdf
SDJC;SP0064;Jaboticabal;JABOTICABAL;São Paulo;Jaboticabal;São Paulo;-21.230833;-48.285556;21°13'51"S;048°17'08"W;615,0;;;07/25;960,0000;23,00;5600 Kg /   0.50 MPa;Terra;;;;;;Cadastrado;13/06/2028;PA2018-1754;https://pergamum.anac.gov.br/arquivos/PA2018-1754.pdf
SDPY;SP0066;Pirassununga;PIRASSUNUNGA;São Paulo;Pirassununga;São Paulo;-22.027778;-47.421667;22°01'40"S;047°25'18"W;683,0;VFR;Sem Operação;02/20;860,0000;30,00;8/F/C/Y/U;Terra;;;;;;Cadastrado;23/06/2030;PA2020-1565;https://pergamum.anac.gov.br/arquivos/PA2020-1565.pdf
SDTI;SP0073;Tupi Paulista;TUPI PAULISTA;São Paulo;Tupi Paulista;São Paulo;-21.393056;-51.598889;21°23'35"S;051°35'56"W;365,0;VFR;Sem Operação;06/24;750,0000;23,00;5700 Kg /   0.50 MPa;Grama;;;;;;Cadastrado;04/08/2030;PA2020-1925;https://pergamum.anac.gov.br/arquivos/PA2020-1925.pdf
SDKJ;BA0025;Formosa do Rio Preto;FORMOSA DO RIO PRETO;Bahia;Formosa do Rio Preto;Bahia;-11.021111;-45.187222;11°01'16"S;045°11'14"W;511,0;VFR;Sem Operação;13/31;1320,0000;18,50;10/F/B/Y/U;Asfalto;14/32;1236,0000;18,50;10/F/B/Y/U;Asfalto;Cadastrado;29/10/2025;PA2015-2866;https://pergamum.anac.gov.br/arquivos/PA2015-2866.pdf
SSAB;PR0024;Moisés Lupion;IBAITI;Paraná;Ibaiti;Paraná;-23.762778;-50.263056;23°45'46"S;050°15'47"W;636,0;VFR;;05/23;1200,0000;18,00;5700 Kg /   0.50 MPa;Asfalto;;;;;;Cadastrado;27/06/2033;PA2023-11734;https://pergamum.anac.gov.br/arquivos/PA2023-11734.pdf
SJ4Y;GO0028;Morrinhos;MORRINHOS;Goiás;Morrinhos;Goiás;-17.761667;-49.121667;17°45'42"S;049°07'18"W;803,0;;;05/23;1135,0000;18,00;5700 Kg /   5.00 MPa;Asfalto;;;;;;Cadastrado;14/04/2032;PA2022-7665;https://pergamum.anac.gov.br/arquivos/PA2022-7665.pdf
SDBY;SP0032;Bariri;BARIRI;São Paulo;Bariri;São Paulo;-22.069167;-48.706389;22°04'09"S;048°42'23"W;493,0;VFR;Sem Operação;11/29;1470,0000;30,00;5600 Kg /   0.50 MPa;Terra;;;;;;Cadastrado;20/05/2030;PA2020-1303;https://pergamum.anac.gov.br/arquivos/PA2020-1303.pdf
SNCA;MG0031;Campo Belo;CAMPO BELO;Minas Gerais;Campo Belo;Minas Gerais;-20.8925;-45.335556;20°53'33"S;045°20'08"W;970,0;VFR;Sem Operação;10/28;1420,0000;30,00;25/F/A/X/T;Asfalto;;;;;;Cadastrado;23/06/2030;PA2020-1560;https://pergamum.anac.gov.br/arquivos/PA2020-1560.pdf
SNRU;PE0004;Caruaru;CARUARU;Pernambuco;Caruaru;Pernambuco;-8.2844444;-36.010833;08°17'04"S;036°00'39"W;576,0;VFR;Sem Operação;13/31;1800,0000;30,00;30/F/A/X/U;Asfalto;;;;;;Cadastrado;23/04/2030;PA2020-1090;https://pergamum.anac.gov.br/arquivos/PA2020-1090.pdf
SDGC;SP0055;Garça;GARÇA;São Paulo;Garça;São Paulo;-22.183611;-49.656111;22°11'01"S;049°39'22"W;664,0;VFR;Sem Operação;01/19;1000,0000;30,00;8/F/C/Y/U;Terra;;;;;;Cadastrado;17/04/2030;PA2020-1027;https://pergamum.anac.gov.br/arquivos/PA2020-1027.pdf
SBUA;AM0003;São Gabriel da Cachoeira;SÃO GABRIEL DA CACHOEIRA;Amazonas;São Gabriel da Cachoeira;Amazonas;-0.14805556;-66.985833;00°08'53"S;066°59'09"W;76,0;VFR / IFR Não Precisão;Sem Operação;05/23;2600,0000;45,00;47/F/C/X/U;Asfalto;;;;;;Cadastrado;05/05/2030;PA2020-1183;https://pergamum.anac.gov.br/arquivos/PA2020-1183.pdf
SNCX;ES0004;Colatina;COLATINA;Espírito Santo;Colatina;Espírito Santo;-19.4875;-40.579444;19°29'15"S;040°34'46"W;153,0;VFR;VFR;15/33;1300,0000;30,00;8/F/B/Y/T;Asfalto;;;;;;Cadastrado;22/05/2025;PA2021-6743;https://pergamum.anac.gov.br/arquivos/PA2021-6743.pdf
SSGB;PR0035;Municipal de Guaratuba;GUARATUBA;Paraná;Guaratuba;Paraná;-25.880556;-48.612222;25°52'50"S;048°36'44"W;15,0;VFR;Sem Operação;02/20;1000,0000;18,00;2500 Kg /   0.50 MPa;Asfalto;;;;;;Cadastrado;18/11/2030;PA2020-3250;https://pergamum.anac.gov.br/arquivos/PA2020-3250.pdf
SBPS;BA0002;Porto Seguro;PORTO SEGURO;Bahia;Porto Seguro;Bahia;-16.438056;-39.077778;16°26'17"S;039°04'40"W;51,0;VFR / IFR Não Precisão;VFR / IFR Não Precisão;10/28;2000,0000;45,00;44/R/B/X/T;Asfalto;;;;;;Cadastrado;;PD1998-0299;https://pergamum.anac.gov.br/arquivos/PD1998-0299.pdf
SDRR;SP0028;Avaré-Arandu;AVARÉ;São Paulo;Avaré;São Paulo;-23.092222;-48.987222;23°05'32"S;048°59'14"W;798,0;;;15/33;1480,0000;30,00;26/F/A/X/T;Asfalto;;;;;;Cadastrado;09/02/2032;PA2022-7106;https://pergamum.anac.gov.br/arquivos/PA2022-7106.pdf
SBCN;GO0003;Nelson Rodrigues Guimarães;CALDAS NOVAS;Goiás;Caldas Novas;Goiás;-17.725;-48.606389;17°43'30"S;048°36'23"W;703,0;VFR / IFR Não Precisão;VFR / IFR Não Precisão;09/27;2110,0000;45,00;35/F/A/X/T;Asfalto;;;;;;Cadastrado;03/04/2033;PA2023-10850;https://pergamum.anac.gov.br/arquivos/PA2023-10850.pdf
SBMQ;AP0001;Alberto Alcolumbre;MACAPÁ;Amapá;Macapá;Amapá;0.050555556;-51.072222;00°03'02"N;051°04'20"W;17,0;VFR / IFR Não Precisão;VFR / IFR Não Precisão;08/26;2100,0000;45,00;48/F/C/X/T;Asfalto;;;;;;Cadastrado;13/11/2027;PA2022-9619;https://pergamum.anac.gov.br/arquivos/PA2022-9619.pdf
SBPK;RS0005;Aeroporto Internacional de Pelotas/RS - João Simões Lopes Neto;PELOTAS;Rio Grande do Sul;Pelotas;Rio Grande do Sul;-31.716111;-52.331111;31°42'58"S;052°19'52"W;18,0;;;06/24;1980,0000;42,00;35/R/B/W/T;Concreto;;;;;;Cadastrado;13/11/2027;PA2017-3710;https://pergamum.anac.gov.br/arquivos/PA2017-3710.pdf
SWTP;AM0022;SANTA ISABEL DO RIO NEGRO;SANTA ISABEL DO RIO NEGRO;Amazonas;Santa Isabel do Rio Negro;Amazonas;-0.37861111;-64.993056;00°22'43"S;064°59'35"W;43,0;VFR;Sem Operação;09/27;1200,0000;30,00;8/F/C/Y/U;Asfalto;;;;;;Cadastrado;17/08/2032;PA2022-8873;https://pergamum.anac.gov.br/arquivos/PA2022-8873.pdf
SSMR;PR0026;Manoel Ribas;MANOEL RIBAS;Paraná;Manoel Ribas;Paraná;-24.529444;-51.651667;24°31'46"S;051°39'06"W;886,0;VFR;;17/35;1200,0000;30,00;12/F/C/Y/U;Asfalto;;;;;;Cadastrado;02/06/2027;PA2017-1810;https://pergamum.anac.gov.br/arquivos/PA2017-1810.pdf
SBTT;AM0005;Tabatinga;TABATINGA;Amazonas;Tabatinga;Amazonas;-4.2505556;-69.937778;04°15'02"S;069°56'16"W;80,0;;;12/30;2150,0000;33,00;34/F/A/X/T;Asfalto;;;;;;Cadastrado;15/04/2031;PA2021-4744;https://pergamum.anac.gov.br/arquivos/PA2021-4744.pdf
SBSL;MA0001;MARECHAL CUNHA MACHADO;SÃO LUÍS;Maranhão;São Luís;Maranhão;-2.5869444;-44.236111;02°35'13"S;044°14'10"W;54,0;;;09/27;1464,0000;45,00;52/F/A/X/T;Asfalto;06/24;2385,0000;45,00;54/F/A/X/T;Asfalto;Cadastrado;;PA2015-2239;https://pergamum.anac.gov.br/arquivos/PA2015-2239.pdf
SNLN;ES0002;Municipal de Linhares;LINHARES;Espírito Santo;Linhares;Espírito Santo;-19.355278;-40.071389;19°21'19"S;040°04'17"W;42,0;;;06/24;1860,0000;45,00;37/F/A/X/T;Asfalto;;;;;;Cadastrado;21/02/2032;PA2022-7316;https://pergamum.anac.gov.br/arquivos/PA2022-7316.pdf
SSNQ;MS0016;Nioaque;NIOAQUE;Mato Grosso do Sul;Nioaque;Mato Grosso do Sul;-21.184444;-55.831111;21°11'04"S;055°49'52"W;202,0;VFR;Sem Operação;18/36;1200,0000;18,00;5600 Kg /   0.50 MPa;Terra;;;;;;Cadastrado;14/03/2033;PA2023-10664;https://pergamum.anac.gov.br/arquivos/PA2023-10664.pdf
SSFB;PR0021;Paulo Abdala;FRANCISCO BELTRÃO;Paraná;Francisco Beltrão;Paraná;-26.058889;-53.063333;26°03'32"S;053°03'48"W;644,0;;;07/25;1390,0000;30,00;11/F/C/Y/U;Asfalto;;;;;;Cadastrado;02/08/2028;PA2018-2357;https://pergamum.anac.gov.br/arquivos/PA2018-2357.pdf
SSPG;PR0011;Santos Dumont;PARANAGUÁ;Paraná;Paranaguá;Paraná;-25.540278;-48.531111;25°32'25"S;048°31'52"W;11,0;VFR;Sem Operação;06/24;1458,0000;30,00;16/F/C/Y/U;Asfalto;;;;;;Cadastrado;16/05/2033;PA2023-11206;https://pergamum.anac.gov.br/arquivos/PA2023-11206.pdf
SBPP;MS0005;Ponta Porã;PONTA PORÃ;Mato Grosso do Sul;Ponta Porã;Mato Grosso do Sul;-22.549722;-55.703056;22°32'59"S;055°42'11"W;657,0;;;04/22;2000,0000;45,00;40/F/C/Y/T;Asfalto;;;;;;Cadastrado;05/06/2033;PA2023-11426;https://pergamum.anac.gov.br/arquivos/PA2023-11426.pdf
SSUV;PR0034;José Cleto;UNIÃO DA VITÓRIA;Paraná;União da Vitória;Paraná;-26.231944;-51.0675;26°13'55"S;051°04'03"W;750,0;VFR;Sem Operação;17/35;755,0000;23,00;14/F/C/Y/U;Asfalto;;;;;;Cadastrado;22/08/2033;PA2023-12097;https://pergamum.anac.gov.br/arquivos/PA2023-12097.pdf
SNUH;MG0054;Piumhi;PIUMHI;Minas Gerais;Piumhi;Minas Gerais;-20.438889;-45.992222;20°26'20"S;045°59'32"W;751,0;VFR;Sem Operação;07/25;1148,0000;30,00;14/F/A/Y/T;Asfalto;;;;;;Cadastrado;10/08/2030;PA2020-1981;https://pergamum.anac.gov.br/arquivos/PA2020-1981.pdf
SNCZ;MG0059;Ponte Nova;PONTE NOVA;Minas Gerais;Ponte Nova;Minas Gerais;-20.403056;-42.916667;20°24'11"S;042°55'00"W;572,0;;;07/25;1060,0000;30,00;11/F/C/Y/T;Asfalto;;;;;;Interditado;13/01/2031;PA2021-3954;https://pergamum.anac.gov.br/arquivos/PA2021-3954.pdf
SNBS;MA0010;Balsas;BALSAS;Maranhão;Balsas;Maranhão;-7.5252778;-46.053333;07°31'31"S;046°03'12"W;289,0;;;15/33;970,0000;25,00;14/F/B/Y/U;Asfalto;;;;;;Cadastrado;01/09/2025;PA2015-2308;https://pergamum.anac.gov.br/arquivos/PA2015-2308.pdf
SNKI;ES0006;AERÓDROMO DE CACHOEIRO DE ITAPEMIRIM;CACHOEIRO DE ITAPEMIRIM;Espírito Santo;Cachoeiro de Itapemirim;Espírito Santo;-20.835278;-41.186389;20°50'07"S;041°11'11"W;78,0;;;06/24;1200,0000;30,00;14/F/C/Y/T;Asfalto;;;;;;Cadastrado;19/06/2025;PA2015-1473;https://pergamum.anac.gov.br/arquivos/PA2015-1473.pdf
SNEB;PA0018;Nagib Demachki;PARAGOMINAS;Pará;Paragominas;Pará;-3.0197222;-47.316389;03°01'11"S;047°18'59"W;135,0;VFR;Sem Operação;09/27;1450,0000;30,00;30/F/C/X/T;Asfalto;;;;;;Cadastrado;19/05/2030;PA2020-1291;https://pergamum.anac.gov.br/arquivos/PA2020-1291.pdf
SSTE;RS0011;Torres;TORRES;Rio Grande do Sul;Torres;Rio Grande do Sul;-29.415;-49.81;29°24'54"S;049°48'36"W;9,0;VFR;VFR;06/24;1507,0000;30,00;32/F/B/X/T;Asfalto;;;;;;Cadastrado;26/10/2030;PA2020-2977;https://pergamum.anac.gov.br/arquivos/PA2020-2977.pdf
SDAD;SP0046;Everaldo Moraes Barreto;ADAMANTINA;São Paulo;Adamantina;São Paulo;-21.696111;-51.096389;21°41'46"S;051°05'47"W;425,0;VFR;Sem Operação;09/27;1240,0000;18,00;5000 Kg /   0.50 MPa;Asfalto;;;;;;Cadastrado;23/04/2030;PA2020-1086;https://pergamum.anac.gov.br/arquivos/PA2020-1086.pdf
SWNK;AM0011;Novo Campo;BOCA DO ACRE;Amazonas;Boca do Acre;Amazonas;-8.8347222;-67.3125;08°50'05"S;067°18'45"W;120,0;;;18/36;1600,0000;30,00;19/F/C/Y/U;Asfalto;;;;;;Cadastrado;26/03/2031;PA2021-4603;https://pergamum.anac.gov.br/arquivos/PA2021-4603.pdf
SSKK;RS0052;Capão da Canoa;CAPÃO DA CANOA;Rio Grande do Sul;Capão da Canoa;Rio Grande do Sul;-29.763611;-50.036944;29°45'49"S;050°02'13"W;10,0;;;08/26;700,0000;27,00;2500 Kg /   0.50 MPa;Grama;;;;;;Cadastrado;13/04/2030;PA2020-0979;https://pergamum.anac.gov.br/arquivos/PA2020-0979.pdf
SWBE;CE0006;Walfrido Salmito de Almeida;SÃO BENEDITO;Ceará;São Benedito;Ceará;-4.0427778;-40.893889;04°02'34"S;040°53'38"W;884,0;;;10/28;1500,0000;30,00;12/F/B/Y/T;Asfalto;;;;;;Cadastrado;19/08/2023;PA2021-6221;https://pergamum.anac.gov.br/arquivos/PA2021-6221.pdf
SNVI;MG0035;Mello Viana;TRÊS CORAÇÕES;Minas Gerais;Três Corações;Minas Gerais;-21.789167;-45.268056;21°47'21"S;045°16'05"W;976,0;;;04/22;1300,0000;23,00;10/F/B/Y/T;Asfalto;;;;;;Cadastrado;09/08/2029;PA2019-2431;https://pergamum.anac.gov.br/arquivos/PA2019-2431.pdf
SSUM;PR0019;Orlando de Carvalho;UMUARAMA;Paraná;Umuarama;Paraná;-23.799167;-53.313889;23°47'57"S;053°18'50"W;473,0;;;04/22;1430,0000;30,00;19/F/C/Y/T;Asfalto;;;;;;Cadastrado;05/08/2028;PA2018-2722;https://pergamum.anac.gov.br/arquivos/PA2018-2722.pdf
SSBL;SC0019;Blumenau;BLUMENAU;Santa Catarina;Blumenau;Santa Catarina;-26.831667;-49.093611;26°49'54"S;049°05'37"W;18,0;VFR;Sem Operação;18/36;1080,0000;30,00;17/F/C/Y/U;Asfalto;;;;;;Cadastrado;18/07/2033;PA2023-11753;https://pergamum.anac.gov.br/arquivos/PA2023-11753.pdf
SWII;AM0013;Ipiranga;SANTO ANTÔNIO DO IÇÁ;Amazonas;Santo Antônio do Içá;Amazonas;-2.9402778;-69.694167;02°56'25"S;069°41'39"W;67,0;VFR;;01/19;1500,0000;30,00;13/R/C/W/U;Concreto;;;;;;Cadastrado;07/03/2033;PA2023-10581;https://pergamum.anac.gov.br/arquivos/PA2023-10581.pdf
SBBV;RR0001;Atlas Brasil Cantanhede;BOA VISTA;Roraima;Boa Vista;Roraima;2.84138889;-60.692222;02°50'29"N;060°41'32"W;84,0;VFR / IFR Não Precisão;VFR / IFR Não Precisão;08/26;2700,0000;45,00;44/F/A/X/T;Asfalto;;;;;;Cadastrado;;;
SWXV;MT0013;Nova Xavantina;NOVA XAVANTINA;Mato Grosso;Nova Xavantina;Mato Grosso;-14.697778;-52.347222;14°41'52"S;052°20'50"W;308,0;VFR;Sem Operação;04/22;1300,0000;23,00;7/F/B/Y/T;Asfalto;;;;;;Cadastrado;;;
SNBX;BA0028;Barra;BARRA;Bahia;Barra;Bahia;-11.081111;-43.1475;11°04'52"S;043°08'51"W;389,0;;;06/24;1300,0000;20,00;10/F/B/X/U;Asfalto;;;;;;Cadastrado;15/03/2026;PA2016-0574;https://pergamum.anac.gov.br/arquivos/PA2016-0574.pdf
SWCZ;GO0024;Ceres;CERES;Goiás;Ceres;Goiás;-15.343889;-49.604444;15°20'38"S;049°36'16"W;598,0;VFR;;15/33;1078,0000;23,00;2500 Kg /   0.50 MPa;Asfalto;;;;;;Cadastrado;14/06/2033;PA2023-11584;https://pergamum.anac.gov.br/arquivos/PA2023-11584.pdf
SSQC;PR0029;Siqueira Campos;SIQUEIRA CAMPOS;Paraná;Siqueira Campos;Paraná;-23.674722;-49.815556;23°40'29"S;049°48'56"W;705,0;VFR;Sem Operação;10/28;1200,0000;23,00;5700 Kg /   0.50 MPa;Asfalto;;;;;;Cadastrado;16/05/2033;PA2023-11207;https://pergamum.anac.gov.br/arquivos/PA2023-11207.pdf
SWHT;AM0019;Humaitá;HUMAITÁ;Amazonas;Humaitá;Amazonas;-7.5347222;-63.072222;07°32'05"S;063°04'20"W;70,0;VFR;Sem Operação;14/32;1520,0000;30,00;7/F/B/Y/U;Asfalto;;;;;;Cadastrado;;;
SNGB;PI0011;Gilbués;GILBUÉS;Piauí;Gilbués;Piauí;-9.8336111;-45.367222;09°50'01"S;045°22'02"W;450,0;VFR;Sem Operação;09/27;1000,0000;30,00;8/F/C/Y/U;Terra;;;;;;Interditado;;;
SBAC;CE0004;Aeroporto Regional de Canoa Quebrada Dragão do Mar;ARACATI;Ceará;Aracati;Ceará;-4.5686111;-37.804722;04°34'07"S;037°48'17"W;36,0;;;09/27;1800,0000;30,00;36/F/A/X/U;Asfalto;;;;;;Cadastrado;23/06/2024;PA2021-6019;https://pergamum.anac.gov.br/arquivos/PA2021-6019.pdf
SBBI;PR0006;Bacacheri;CURITIBA;Paraná;Curitiba;Paraná;-25.403333;-49.233611;25°24'12"S;049°14'01"W;932,0;;;18/36;1390,0000;31,00;9/F/C/Y/T;Asfalto;;;;;;Cadastrado;;PA2016-0533;https://pergamum.anac.gov.br/arquivos/PA2016-0533.pdf
SNBR;BA0011;Dom Ricardo Weberberger;BARREIRAS;Bahia;Barreiras;Bahia;-12.079167;-45.009444;12°04'45"S;045°00'34"W;747,0;;;08/26;1600,0000;30,00;35/F/A/X/T;Asfalto;;;;;;Cadastrado;17/09/2024;PA2022-7059;https://pergamum.anac.gov.br/arquivos/PA2022-7059.pdf
SDAA;SP0045;Araras;ARARAS;São Paulo;Araras;São Paulo;-22.336944;-47.358333;22°20'13"S;047°21'30"W;685,0;;;12/30;1150,0000;30,00;21/F/B/X/T;Asfalto;;;;;;Cadastrado;21/07/2030;PA2020-1744;https://pergamum.anac.gov.br/arquivos/PA2020-1744.pdf
SBUF;BA0007;Paulo Afonso;PAULO AFONSO;Bahia;Paulo Afonso;Bahia;-9.4011111;-38.251111;09°24'04"S;038°15'04"W;269,0;;;14/32;1800,0000;45,00;35/F/C/X/U;Asfalto;;;;;;Cadastrado;29/10/2025;PA2015-2868;https://pergamum.anac.gov.br/arquivos/PA2015-2868.pdf
SNBA;SP0013;Chafei Amsei;BARRETOS;São Paulo;Barretos;São Paulo;-20.585556;-48.595833;20°35'08"S;048°35'45"W;580,0;VFR;VFR;08/26;1800,0000;30,00;32/F/A/X/T;Asfalto;;;;;;Cadastrado;23/06/2030;PA2020-1562;https://pergamum.anac.gov.br/arquivos/PA2020-1562.pdf
SDUQ;SP0042;Paraguaçu Paulista;PARAGUAÇU PAULISTA;São Paulo;Paraguaçu Paulista;São Paulo;-22.426944;-50.606944;22°25'37"S;050°36'25"W;486,0;;;05/23;1199,0000;26,00;5600 Kg /   0.50 MPa;Terra;;;;;;Interditado;25/01/2032;PA2022-6993;https://pergamum.anac.gov.br/arquivos/PA2022-6993.pdf
SDKK;SP0058;Mococa;MOCOCA;São Paulo;Mococa;São Paulo;-21.487222;-47.033889;21°29'14"S;047°02'02"W;651,0;;;04/22;1000,0000;30,00;8/F/C/Y/U;Terra;;;;;;Cadastrado;25/01/2032;PA2022-6996;https://pergamum.anac.gov.br/arquivos/PA2022-6996.pdf
SWFX;MT0022;São Félix do Araguaia;SÃO FÉLIX DO ARAGUAIA;Mato Grosso;São Félix do Araguaia;Mato Grosso;-11.6325;-50.689444;11°37'57"S;050°41'22"W;199,0;VFR;Sem Operação;12/30;1450,0000;30,00;19/F/A/X/T;Asfalto;;;;;;Cadastrado;16/08/2033;PA2023-12066;https://pergamum.anac.gov.br/arquivos/PA2023-12066.pdf
SNIE;BA0020;Caetité;CAETITÉ;Bahia;Caetité;Bahia;-14.012222;-42.493889;14°00'44"S;042°29'38"W;976,0;;;09/27;1365,0000;20,00;12/F/C/Y/U;Asfalto;;;;;;Cadastrado;17/12/2025;PA2015-3332;https://pergamum.anac.gov.br/arquivos/PA2015-3332.pdf
SNBG;ES0005;Baixo Guandu - Aimorés;BAIXO GUANDU;Espírito Santo;Baixo Guandu;Espírito Santo;-19.498889;-41.041944;19°29'56"S;041°02'31"W;80,0;;;11/29;1200,0000;30,00;10/F/C/Y/U;Asfalto;;;;;;Interditado;28/07/2025;PA2015-1984;https://pergamum.anac.gov.br/arquivos/PA2015-1984.pdf
SBCZ;AC0002;Cruzeiro do Sul;CRUZEIRO DO SUL;Acre;Cruzeiro do Sul;Acre;-7.5994444;-72.769444;07°35'58"S;072°46'10"W;194,0;VFR / IFR Não Precisão;VFR / IFR Não Precisão;10/28;2400,0000;45,00;33/F/A/X/T;Asfalto;;;;;;Cadastrado;;PA2022-9640;https://pergamum.anac.gov.br/arquivos/PA2022-9640.pdf
SBNF;SC0002;Ministro Victor Konder;NAVEGANTES;Santa Catarina;Navegantes;Santa Catarina;-26.878611;-48.650833;26°52'43"S;048°39'03"W;5,0;;;07/25;1701,0000;45,00;52/F/B/X/T;Asfalto;;;;;;Cadastrado;;PA2013-3372;https://pergamum.anac.gov.br/arquivos/PA2013-3372.pdf
SNQX;CE0010;Quixadá;QUIXADÁ;Ceará;Quixadá;Ceará;-4.9788889;-38.987778;04°58'44"S;038°59'16"W;225,0;VFR;Sem Operação;14/32;1200,0000;30,00;17/F/A/X/T;Asfalto;;;;;;Cadastrado;23/04/2030;PA2020-1076;https://pergamum.anac.gov.br/arquivos/PA2020-1076.pdf
SNTS;PB0005;BRIGADEIRO FIRMINO AYRES;PATOS;Paraíba;Patos;Paraíba;-7.0377778;-37.2575;07°02'16"S;037°15'27"W;265,0;;;12/30;1600,0000;30,00;6/F/C/Y/U;Asfalto;;;;;;Cadastrado;23/04/2031;PA2021-4760;https://pergamum.anac.gov.br/arquivos/PA2021-4760.pdf
SDJV;SP0035;São João da Boa Vista;SÃO JOÃO DA BOA VISTA;São Paulo;São João da Boa Vista;São Paulo;-22.016667;-46.840556;22°01'00"S;046°50'26"W;762,0;;;04/22;1250,0000;30,00;20/F/B/Y/T;Asfalto;;;;;;Cadastrado;;PA2023-12946;https://pergamum.anac.gov.br/arquivos/PA2023-12946.pdf
SSAN;PR0032;João Galdino;ANDIRÁ;Paraná;Andirá;Paraná;-23.027222;-50.226944;23°01'38"S;050°13'37"W;490,0;VFR;;09/27;1000,0000;23,00;5600 Kg /   0.50 MPa;Asfalto;;;;;;Cadastrado;20/07/2033;PA2023-11902;https://pergamum.anac.gov.br/arquivos/PA2023-11902.pdf
SSAP;PR0014;Capitão João Busse;APUCARANA;Paraná;Apucarana;Paraná;-23.612222;-51.385;23°36'44"S;051°23'06"W;800,0;;;10/28;1400,0000;30,00;11/F/C/X/T;Asfalto;;;;;;Cadastrado;07/05/2030;PA2020-1193;https://pergamum.anac.gov.br/arquivos/PA2020-1193.pdf
SBJH;SP1176;São Paulo Catarina Aeroporto Executivo;SÃO ROQUE;São Paulo;São Roque;São Paulo;-23.426944;-47.165833;23°25'37"S;047°09'57"W;777,0;;;12/30;2470,0000;33,00;30/F/B/X/T;Asfalto;;;;;;Cadastrado;;PA2019-3689;https://pergamum.anac.gov.br/arquivos/PA2019-3689.pdf
SBFI;PR0002;Cataratas;FOZ DO IGUAÇU;Paraná;Foz do Iguaçu;Paraná;-25.600278;-54.485;25°36'01"S;054°29'06"W;240,0;;;15/33;2195,0000;45,00;51/F/B/X/T;Asfalto;;;;;;Cadastrado;21/05/2024;PA2014-1182;https://pergamum.anac.gov.br/arquivos/PA2014-1182.pdf
SDAI;SP0047;Americana;AMERICANA;São Paulo;Americana;São Paulo;-22.755278;-47.268056;22°45'19"S;047°16'05"W;611,0;;;12/30;1100,0000;18,00;9/F/B/X/T;Asfalto;;;;;;Cadastrado;16/01/2027;PA2017-97;https://pergamum.anac.gov.br/arquivos/PA2017-97.pdf
SSSZ;PR0033;Sertanópolis;SERTANÓPOLIS;Paraná;Sertanópolis;Paraná;-23.061944;-51.013889;23°03'43"S;051°00'50"W;361,0;VFR;Sem Operação;10/28;1023,0000;25,00;5700 Kg /   0.50 MPa;Grama;;;;;;Cadastrado;13/10/2025;PA2015-2705;https://pergamum.anac.gov.br/arquivos/PA2015-2705.pdf
SNAS;MG0022;Três Marias;TRÊS MARIAS;Minas Gerais;Três Marias;Minas Gerais;-18.225;-45.190556;18°13'30"S;045°11'26"W;786,0;;;06/24;1500,0000;45,00;24/F/C/X/U;Asfalto;;;;;;Cadastrado;26/03/2031;PA2021-4602;https://pergamum.anac.gov.br/arquivos/PA2021-4602.pdf
SBMA;PA0004;João Corrêa da Rocha;MARABÁ;Pará;Marabá;Pará;-5.3680556;-49.138056;05°22'05"S;049°08'17"W;109,0;;;07/25;2000,0000;45,00;40/F/C/X/U;Asfalto;;;;;;Cadastrado;17/04/2028;PA2018-1179;https://pergamum.anac.gov.br/arquivos/PA2018-1179.pdf
SSRG;SP0030;Aeroporto Estadual de Registro;REGISTRO;São Paulo;Registro;São Paulo;-24.531667;-47.840278;24°31'54"S;047°50'25"W;25,0;VFR;;11/29;1500,0000;30,00;30/F/B/X/T;Asfalto;;;;;;Cadastrado;01/12/2032;PA2022-9767;https://pergamum.anac.gov.br/arquivos/PA2022-9767.pdf
SBOI;AP0002;Oiapoque;OIAPOQUE;Amapá;Oiapoque;Amapá;3.85416667;-51.797222;03°51'15"N;051°47'50"W;16,0;;;03/21;1500,0000;30,00;10/F/B/Y/U;Asfalto;;;;;;Cadastrado;;PA2023-12.569;https://pergamum.anac.gov.br/arquivos/PA2023-12.569.pdf
SWUA;GO0011;São Miguel do Araguaia;SÃO MIGUEL DO ARAGUAIA;Goiás;São Miguel do Araguaia;Goiás;-13.333889;-50.205833;13°20'02"S;050°12'21"W;384,0;VFR;Sem Operação;08/26;1500,0000;30,00;5700 Kg /   0.50 MPa;Asfalto;;;;;;Cadastrado;18/05/2030;PA2020-1283;https://pergamum.anac.gov.br/arquivos/PA2020-1283.pdf
SDET;SP0067;Tietê;TIETÊ;São Paulo;Tietê;São Paulo;-23.104722;-47.724444;23°06'17"S;047°43'28"W;501,0;VFR;Sem Operação;02/20;850,0000;30,00;5000 Kg /   0.50 MPa;Terra;;;;;;Cadastrado;23/09/2030;PA2020-2412;https://pergamum.anac.gov.br/arquivos/PA2020-2412.pdf
SBVG;MG0019;Major Brigadeiro Trompowsky;VARGINHA;Minas Gerais;Varginha;Minas Gerais;-21.588889;-45.473333;21°35'20"S;045°28'24"W;922,0;VFR / IFR Não Precisão;IFR Não Precisão;04/22;2100,0000;30,00;26/F/A/Y/T;Asfalto;;;;;;Cadastrado;05/12/2027;PA2017-3825;https://pergamum.anac.gov.br/arquivos/PA2017-3825.pdf
SBJI;RO0005;Ji-Paraná;JI-PARANÁ;Rondônia;Ji-Paraná;Rondônia;-10.870556;-61.846667;10°52'14"S;061°50'48"W;182,0;;;03/21;1800,0000;45,00;30/F/C/X/U;Asfalto;;;;;;Cadastrado;20/09/2031;PA2021-5871;https://pergamum.anac.gov.br/arquivos/PA2021-5871.pdf
SSKS;RS0039;Brigadeiro Nero Moura;CACHOEIRA DO SUL;Rio Grande do Sul;Cachoeira do Sul;Rio Grande do Sul;-30.002222;-52.940278;30°00'08"S;052°56'25"W;77,0;;;12/30;1020,0000;18,00;10/F/B/Y/T;Asfalto;;;;;;Cadastrado;23/12/2030;PA2020-3744;https://pergamum.anac.gov.br/arquivos/PA2020-3744.pdf
SWUD;MG0069;Deputado Oswaldo Tolentino;CLÁUDIO;Minas Gerais;Cláudio;Minas Gerais;-20.445833;-44.813056;20°26'45"S;044°48'47"W;820,0;;;12/30;1000,0000;30,00;15/F/B/Y/T;Asfalto;;;;;;Cadastrado;27/05/2030;PA2020-1389;https://pergamum.anac.gov.br/arquivos/PA2020-1389.pdf
SNQD;PB0006;Sousa;SOUSA;Paraíba;Sousa;Paraíba;-6.7855556;-38.233889;06°47'08"S;038°14'02"W;227,0;;;15/33;1203,0000;30,00;13/F/A/Y/U;Asfalto;;;;;;Cadastrado;05/06/2028;PA2018-1693;https://pergamum.anac.gov.br/arquivos/PA2018-1693.pdf
SWTY;TO0009;Taguatinga;TAGUATINGA;Tocantins;Taguatinga;Tocantins;-12.435;-46.400278;12°26'06"S;046°24'01"W;597,0;VFR;Sem Operação;06/24;1400,0000;30,00;8/F/C/Y/U;Asfalto;;;;;;Cadastrado;14/07/2033;PA2023-11805;https://pergamum.anac.gov.br/arquivos/PA2023-11805.pdf
SBTF;AM0004;Prefeito Orlando Marinho;TEFÉ;Amazonas;Tefé;Amazonas;-3.3802778;-64.725278;03°22'49"S;064°43'31"W;57,0;VFR / IFR Não Precisão;VFR / IFR Não Precisão;15/33;2200,0000;45,00;29/F/C/X/U;Asfalto;;;;;;Cadastrado;13/11/2027;PA2022-9830;https://pergamum.anac.gov.br/arquivos/PA2022-9830.pdf
SBUG;RS0012;Rubem Berta;URUGUAIANA;Rio Grande do Sul;Uruguaiana;Rio Grande do Sul;-29.783333;-57.036944;29°47'00"S;057°02'13"W;78,0;VFR / IFR Não Precisão;VFR / IFR Não Precisão;09/27;1500,0000;30,00;14/F/C/X/T;Asfalto;;;;;;Cadastrado;;PA2015-0388;https://pergamum.anac.gov.br/arquivos/PA2015-0388.pdf
SWBC;AM0017;Barcelos;BARCELOS;Amazonas;Barcelos;Amazonas;-0.98111111;-62.919444;00°58'52"S;062°55'10"W;34,0;VFR;Sem Operação;09/27;1500,0000;30,00;17/F/B/Y/T;Asfalto;;;;;;Cadastrado;;PA2022-9172;https://pergamum.anac.gov.br/arquivos/PA2022-9172.pdf
SBRJ;RJ0002;Santos Dumont;RIO DE JANEIRO;Rio de Janeiro;Rio de Janeiro;Rio de Janeiro;-22.91;-43.1625;22°54'36"S;043°09'45"W;3,0;VFR / IFR Não Precisão;VFR / IFR Não Precisão;02L/20;1260,0000;30,00;39/F/B/X/T;Asfalto;02R/20;1323,0000;42,00;65/F/B/X/T;Asfalto;Cadastrado;11/07/2024;PA2014-1562;https://pergamum.anac.gov.br/arquivos/PA2014-1562.pdf
SSCN;RS0019;Canela;CANELA;Rio Grande do Sul;Canela;Rio Grande do Sul;-29.370556;-50.832222;29°22'14"S;050°49'56"W;827,0;VFR;VFR;06/24;1260,0000;18,00;21/F/B/Y/T;Asfalto;;;;;;Cadastrado;09/09/2029;PA2019-2752;https://pergamum.anac.gov.br/arquivos/PA2019-2752.pdf
SSIE;MS0002;Teruel Ipanema Estância;CAMPO GRANDE;Mato Grosso do Sul;Campo Grande;Mato Grosso do Sul;-20.603889;-54.595278;20°36'14"S;054°35'43"W;528,0;;;06/24;1500,0000;20,00;5700 Kg /   0.50 MPa;Asfalto;;;;;;Cadastrado;23/04/2030;PA2020-1075;https://pergamum.anac.gov.br/arquivos/PA2020-1075.pdf
SBLO;PR0003;Governador José Richa;LONDRINA;Paraná;Londrina;Paraná;-23.330278;-51.136667;23°19'49"S;051°08'12"W;569,0;;;13/31;2100,0000;45,00;50/F/A/X/T;Asfalto;;;;;;Cadastrado;;PA2018-1601;https://pergamum.anac.gov.br/arquivos/PA2018-1601.pdf
SBDB;MS0004;Aeródromo Público de Bonito;BONITO;Mato Grosso do Sul;Bonito;Mato Grosso do Sul;-21.247222;-56.4525;21°14'50"S;056°27'09"W;334,0;;;18/36;2000,0000;30,00;48/F/A/X/T;Asfalto;;;;;;Cadastrado;;PA2015-1122;https://pergamum.anac.gov.br/arquivos/PA2015-1122.pdf
SSCT;PR0025;Engenheiro Gastão de Mesquita Filho;CIANORTE;Paraná;Cianorte;Paraná;-23.691667;-52.642222;23°41'30"S;052°38'32"W;540,0;VFR;VFR;04/22;1220,0000;23,00;5700 Kg /   0.62 MPa;Asfalto;;;;;;Cadastrado;21/01/2026;PA2016-0114;https://pergamum.anac.gov.br/arquivos/PA2016-0114.pdf
SDBB;SP0018;Bebedouro;BEBEDOURO;São Paulo;Bebedouro;São Paulo;-20.900278;-48.473611;20°54'01"S;048°28'25"W;592,0;;;13/31;1500,0000;23,00;15/F/A/X/T;Asfalto;;;;;;Cadastrado;;PA2024-13.651;https://pergamum.anac.gov.br/arquivos/PA2024-13.651.pdf
SILC;MT0025;AEROPORTO MUNICIPAL BOM FUTURO;LUCAS DO RIO VERDE;Mato Grosso;Lucas do Rio Verde;Mato Grosso;-13.037778;-55.950278;13°02'16"S;055°57'01"W;414,0;VFR;VFR;08/26;1730,0000;30,00;5700 Kg /   0.50 MPa;Asfalto;;;;;;Cadastrado;14/11/2029;PA2019-3497;https://pergamum.anac.gov.br/arquivos/PA2019-3497.pdf
SWWU;GO0013;Uruaçu;URUAÇU;Goiás;Uruaçu;Goiás;-14.544722;-49.091111;14°32'41"S;049°05'28"W;520,0;VFR;Sem Operação;18/36;1440,0000;30,00;5700 Kg /   0.50 MPa;Asfalto;;;;;;Cadastrado;19/05/2030;PA2020-1295;https://pergamum.anac.gov.br/arquivos/PA2020-1295.pdf
SDCG;AM0016;Senadora Eunice Michiles;SÃO PAULO DE OLIVENÇA;Amazonas;São Paulo de Olivença;Amazonas;-3.4691667;-68.921111;03°28'09"S;068°55'16"W;102,0;;;04/22;1200,0000;23,00;6/R/B/Y/T;Concreto;;;;;;Cadastrado;29/05/2028;PA2022-6999;https://pergamum.anac.gov.br/arquivos/PA2022-6999.pdf
SNBM;MG0051;Cristiano Ferreira Varella;MURIAÉ;Minas Gerais;Muriaé;Minas Gerais;-21.128889;-42.366944;21°07'44"S;042°22'01"W;270,0;VFR;Sem Operação;12/30;1140,0000;23,00;12/F/B/Y/T;Asfalto;;;;;;Cadastrado;23/06/2030;PA2020-1561;https://pergamum.anac.gov.br/arquivos/PA2020-1561.pdf
SBVH;RO0003;Vilhena;VILHENA;Rondônia;Vilhena;Rondônia;-12.694444;-60.098333;12°41'40"S;060°05'54"W;615,0;VFR / IFR Não Precisão;VFR / IFR Não Precisão;03/21;2600,0000;30,00;30/F/A/X/T;Asfalto;;;;;;Cadastrado;;PA2023-10.933;https://pergamum.anac.gov.br/arquivos/PA2023-10.933.pdf
SNIG;CE0007;Iguatu;IGUATU;Ceará;Iguatu;Ceará;-6.3466667;-39.294444;06°20'48"S;039°17'40"W;215,0;VFR;Sem Operação;16/34;1422,0000;30,00;16/F/C/Y/U;Asfalto;;;;;;Cadastrado;17/04/2030;PA2020-1023;https://pergamum.anac.gov.br/arquivos/PA2020-1023.pdf
SBCJ;PA0006;Carajás;PARAUAPEBAS;Pará;Parauapebas;Pará;-6.1177778;-50.003333;06°07'04"S;050°00'12"W;629,0;VFR / IFR - CAT I;VFR / IFR - CAT I;10/28;2000,0000;45,00;41/F/B/X/T;Asfalto;;;;;;Cadastrado;29/09/2033;PA2023-12.568;https://pergamum.anac.gov.br/arquivos/PA2023-12.568.pdf
SWPI;AM0006;Parintins;PARINTINS;Amazonas;Parintins;Amazonas;-2.6736111;-56.7775;02°40'25"S;056°46'39"W;25,0;VFR;VFR;06/24;1801,0000;30,00;33/F/B/X/T;Asfalto;;;;;;Cadastrado;29/06/2033;PA2023-11746;https://pergamum.anac.gov.br/arquivos/PA2023-11746.pdf
SNCP;SC0181;Aeroporto Ricardo Sell Wagner - Regional da Serra Catarinense;CORREIA PINTO;Santa Catarina;Correia Pinto;Santa Catarina;-27.634167;-50.358333;27°38'03"S;050°21'30"W;880,0;;;09/27;1802,0000;30,00;57/F/B/X/T;Asfalto;;;;;;Cadastrado;;PA2024-14.099;https://pergamum.anac.gov.br/arquivos/PA2024-14.099.pdf
SNVB;BA0008;Valença;VALENÇA;Bahia;Valença;Bahia;-13.296389;-38.9925;13°17'47"S;038°59'33"W;5,0;VFR;VFR;04/22;1800,0000;30,00;55/F/B/X/T;Asfalto;;;;;;Cadastrado;20/11/2025;PA2015-3090;https://pergamum.anac.gov.br/arquivos/PA2015-3090.pdf
SNGX;MG0023;Guaxupé;GUAXUPÉ;Minas Gerais;Guaxupé;Minas Gerais;-21.326667;-46.730278;21°19'36"S;046°43'49"W;849,0;VFR;VFR;12/30;1500,0000;30,00;19/F/A/Y/T;Asfalto;;;;;;Cadastrado;23/06/2030;PA2020-1564;https://pergamum.anac.gov.br/arquivos/PA2020-1564.pdf
SWJN;MT0007;Juína;JUÍNA;Mato Grosso;Juína;Mato Grosso;-11.419444;-58.71;11°25'10"S;058°42'36"W;330,0;VFR;Sem Operação;17/35;1550,0000;30,00;5500 Kg /   0.50 MPa;Asfalto;;;;;;Cadastrado;23/09/2030;PA2020-2414;https://pergamum.anac.gov.br/arquivos/PA2020-2414.pdf
SSHZ;RS0037;Walter Bündchen;HORIZONTINA;Rio Grande do Sul;Horizontina;Rio Grande do Sul;-27.638333;-54.338889;27°38'18"S;054°20'20"W;310,0;VFR;;16/34;1050,0000;18,00;6/F/C/Y/U;Asfalto;;;;;;Cadastrado;15/05/2029;PA2019-1419;https://pergamum.anac.gov.br/arquivos/PA2019-1419.pdf
SSGW;PR0037;Manoel Ribas;GOIOERÊ;Paraná;Goioerê;Paraná;-24.219722;-53.043889;24°13'11"S;053°02'38"W;491,0;;;05/23;999,0000;18,00;8/F/B/Y/U;Asfalto;;;;;;Cadastrado;05/10/2026;PA2019-1478;https://pergamum.anac.gov.br/arquivos/PA2019-1478.pdf
SNXB;MG0025;Caxambu;CAXAMBU;Minas Gerais;Caxambu;Minas Gerais;-21.9175;-44.969444;21°55'03"S;044°58'10"W;874,0;VFR;VFR;09/27;1500,0000;30,00;8/F/C/X/U;Asfalto;;;;;;Cadastrado;;PA2020-1077;https://pergamum.anac.gov.br/arquivos/PA2020-1077.pdf
SWPK;MT0021;Poconé;POCONÉ;Mato Grosso;Poconé;Mato Grosso;-16.271667;-56.651111;16°16'18"S;056°39'04"W;185,0;VFR;;01/19;1150,0000;23,00;5700 Kg /   0.50 MPa;Cascalho;;;;;;Interditado;17/10/2026;PA2016-2706;https://pergamum.anac.gov.br/arquivos/PA2016-2706.pdf
SBJP;PB0001;Presidente Castro Pinto;BAYEUX;Paraíba;João Pessoa;Paraíba;-7.1483333;-34.950278;07°08'54"S;034°57'01"W;66,0;;;16/34;2515,0000;45,00;52/F/B/X/T;Asfalto;;;;;;Cadastrado;;PA2015-1203;https://pergamum.anac.gov.br/arquivos/PA2015-1203.pdf
SDCO;SP0027;Sorocaba;SOROCABA;São Paulo;Sorocaba;São Paulo;-23.477778;-47.49;23°28'40"S;047°29'24"W;635,0;;;01/19;1630,0000;30,00;36/F/B/X/T;Asfalto;;;;;;Cadastrado;09/02/2032;PA2022-7120;https://pergamum.anac.gov.br/arquivos/PA2022-7120.pdf
SNKN;RN0004;Currais Novos;CURRAIS NOVOS;Rio Grande do Norte;Currais Novos;Rio Grande do Norte;-6.2808333;-36.540278;06°16'51"S;036°32'25"W;367,0;VFR;Sem Operação;10/28;1040,0000;30,00;6/F/B/Y/U;Piçarra;;;;;;Cadastrado;13/04/2030;PA2020-0981;https://pergamum.anac.gov.br/arquivos/PA2020-0981.pdf
SIBZ;PB0010;Itaporanga;ITAPORANGA;Paraíba;Itaporanga;Paraíba;-7.3111111;-38.113611;07°18'40"S;038°06'49"W;292,0;;;14/32;1195,0000;24,00;8/F/B/Y/U;Asfalto;;;;;;Cadastrado;12/01/2028;PA2018-0027;https://pergamum.anac.gov.br/arquivos/PA2018-0027.pdf
SNPX;MG0028;Pirapora;PIRAPORA;Minas Gerais;Pirapora;Minas Gerais;-17.313889;-44.858611;17°18'50"S;044°51'31"W;551,0;VFR;Sem Operação;10/28;1480,0000;30,00;10/F/B/Y/U;Asfalto;;;;;;Cadastrado;19/04/2030;PA2020-1087;https://pergamum.anac.gov.br/arquivos/PA2020-1087.pdf
SSRZ;RS0024;Dário Brasil Capoano de Oliveira;ROSÁRIO DO SUL;Rio Grande do Sul;Rosário do Sul;Rio Grande do Sul;-30.2775;-54.925278;30°16'39"S;054°55'31"W;102,0;VFR;Sem Operação;10/28;1000,0000;20,00;5700 Kg /   0.50 MPa;Saibro;;;;;;Cadastrado;09/04/2030;PA2020-0976;https://pergamum.anac.gov.br/arquivos/PA2020-0976.pdf
SIBY;PB0009;Lourival Nunes de Farias;MONTEIRO;Paraíba;Monteiro;Paraíba;-7.8783333;-37.136667;07°52'42"S;037°08'12"W;622,0;;;14/32;1140,0000;30,00;8/F/C/Y/U;Asfalto;;;;;;Cadastrado;30/07/2028;PA2021-4937;https://pergamum.anac.gov.br/arquivos/PA2021-4937.pdf
SDSC;SP0029;Mário Pereira Lopes;SÃO CARLOS;São Paulo;São Carlos;São Paulo;-21.876389;-47.903333;21°52'35"S;047°54'12"W;807,0;;;02/20;1720,0000;45,00;47/F/A/X/T;Asfalto;;;;;;Cadastrado;27/08/2028;PA2018-2564;https://pergamum.anac.gov.br/arquivos/PA2018-2564.pdf
SJTS;PA0028;Terra Santa;TERRA SANTA;Pará;Terra Santa;Pará;-2.0727778;-56.488889;02°04'22"S;056°29'20"W;25,0;;;12/30;1000,0000;23,00;5700 Kg /   0.50 MPa;Piçarra;;;;;;Interditado;01/08/2032;PA2022-8567;https://pergamum.anac.gov.br/arquivos/PA2022-8567.pdf
SSST;RS0015;Santiago;SANTIAGO;Rio Grande do Sul;Santiago;Rio Grande do Sul;-29.215;-54.841667;29°12'54"S;054°50'30"W;441,0;VFR;Sem Operação;17/35;830,0000;23,00;8/F/C/Y/U;Asfalto;;;;;;Cadastrado;18/07/2033;PA2023-11895;https://pergamum.anac.gov.br/arquivos/PA2023-11895.pdf
SNEE;RS0004;Vacaria Novo;VACARIA;Rio Grande do Sul;Vacaria;Rio Grande do Sul;-28.431944;-51.022778;28°25'55"S;051°01'22"W;914,0;;;11/29;2020,0000;30,00;32/F/A/X/T;Asfalto;;;;;;Cadastrado;13/01/2024;PA2014-0071;https://pergamum.anac.gov.br/arquivos/PA2014-0071.pdf
SWEK;MT0024;Canarana;CANARANA;Mato Grosso;Canarana;Mato Grosso;-13.5775;-52.268056;13°34'39"S;052°16'05"W;398,0;VFR;Sem Operação;18/36;685,0000;18,00;5700 Kg /   0.50 MPa;Terra;;;;;;Cadastrado;19/04/2030;PA2020-1083;https://pergamum.anac.gov.br/arquivos/PA2020-1083.pdf
SBPO;PR0018;AEROPORTO REGIONAL DE PATO BRANCO - PROFESSOR JUVENAL LOUREIRO CARDOSO;PATO BRANCO;Paraná;Pato Branco;Paraná;-26.217222;-52.694444;26°13'02"S;052°41'40"W;823,0;;;07/25;1621,0000;30,00;50/F/A/X/T;Asfalto;;;;;;Cadastrado;10/04/2029;PA2021-6224;https://pergamum.anac.gov.br/arquivos/PA2021-6224.pdf
SNZR;MG0026;Pedro Rabelo de Souza;PARACATU;Minas Gerais;Paracatu;Minas Gerais;-17.242778;-46.883056;17°14'34"S;046°52'59"W;730,0;VFR;Sem Operação;11/29;1500,0000;30,00;11/F/C/Y/T;Asfalto;;;;;;Cadastrado;07/06/2033;PA2023-11540;https://pergamum.anac.gov.br/arquivos/PA2023-11540.pdf
SNUN;MG0055;Unaí;UNAÍ;Minas Gerais;Unaí;Minas Gerais;-16.353889;-46.926944;16°21'14"S;046°55'37"W;600,0;VFR;Sem Operação;17/35;1185,0000;30,00;10/F/C/X/U;Asfalto;;;;;;Cadastrado;17/11/2032;PA2022-9737;https://pergamum.anac.gov.br/arquivos/PA2022-9737.pdf
SDMO;SP0068;Monte Alto;MONTE ALTO;São Paulo;Monte Alto;São Paulo;-21.258056;-48.524167;21°15'29"S;048°31'27"W;750,0;;;17/35;850,0000;20,00;5600 Kg /   0.50 MPa;Terra;;;;;;Cadastrado;03/12/2030;PA2020-3475;https://pergamum.anac.gov.br/arquivos/PA2020-3475.pdf
SBEG;AM0001;Eduardo Gomes;MANAUS;Amazonas;Manaus;Amazonas;-3.0411111;-60.050556;03°02'28"S;060°03'02"W;80,0;;;11/29;2700,0000;45,00;69/F/A/X/T;Asfalto;;;;;;Cadastrado;;PA2022-7517;https://pergamum.anac.gov.br/arquivos/PA2022-7517.pdf
SSSS;SC0022;São Francisco do Sul;SÃO FRANCISCO DO SUL;Santa Catarina;São Francisco do Sul;Santa Catarina;-26.221111;-48.564444;26°13'16"S;048°33'52"W;15,0;VFR;Sem Operação;18/36;700,0000;35,00;2500 Kg /   0.50 MPa;Grama;;;;;;Cadastrado;20/05/2030;PA2020-1290;https://pergamum.anac.gov.br/arquivos/PA2020-1290.pdf
SSEZ;RS0050;Espumoso;ESPUMOSO;Rio Grande do Sul;Espumoso;Rio Grande do Sul;-28.738056;-52.855556;28°44'17"S;052°51'20"W;390,0;VFR;;08/26;720,0000;18,00;2000 Kg /   0.50 MPa;Grama;;;;;;Cadastrado;24/10/2028;PA2018-3262;https://pergamum.anac.gov.br/arquivos/PA2018-3262.pdf
SWCB;GO0023;Campos Belos;CAMPOS BELOS;Goiás;Campos Belos;Goiás;-13.006944;-46.710833;13°00'25"S;046°42'39"W;690,0;VFR;Sem Operação;18/36;1200,0000;20,00;2500 Kg /   0.50 MPa;Asfalto;;;;;;Cadastrado;03/12/2030;PA2020-3558;https://pergamum.anac.gov.br/arquivos/PA2020-3558.pdf
SBCI;MA0003;Brigadeiro Lysias Augusto Rodrigues;CAROLINA;Maranhão;Carolina;Maranhão;-7.3205556;-47.458611;07°19'14"S;047°27'31"W;172,0;;;11/29;1800,0000;45,00;18/F/C/Y/U;Asfalto;;;;;;Cadastrado;13/05/2031;PA2021-4951;https://pergamum.anac.gov.br/arquivos/PA2021-4951.pdf
SNCS;CE0009;Campos Sales;CAMPOS SALES;Ceará;Campos Sales;Ceará;-7.0516667;-40.358333;07°03'06"S;040°21'30"W;615,0;;;11/29;1200,0000;30,00;17/F/A/X/T;Asfalto;;;;;;Cadastrado;17/04/2030;PA2020-1022;https://pergamum.anac.gov.br/arquivos/PA2020-1022.pdf
SNJQ;MG0053;Jequitinhonha;JEQUITINHONHA;Minas Gerais;Jequitinhonha;Minas Gerais;-16.441389;-41.037222;16°26'29"S;041°02'14"W;234,0;;;10/28;1130,0000;23,00;6/F/C/Z/U;Asfalto;;;;;;Cadastrado;03/12/2030;PA2020-3472;https://pergamum.anac.gov.br/arquivos/PA2020-3472.pdf
SBBG;RS0010;Comandante Gustavo Kraemer;BAGÉ;Rio Grande do Sul;Bagé;Rio Grande do Sul;-31.390833;-54.109722;31°23'27"S;054°06'35"W;186,0;VFR / IFR Não Precisão;VFR / IFR Não Precisão;06/24;1500,0000;30,00;18/R/A/Y/T;Concreto;;;;;;Cadastrado;13/08/2028;PA2018-2459;https://pergamum.anac.gov.br/arquivos/PA2018-2459.pdf
SDXJ;MS0017;Costa Rica;COSTA RICA;Mato Grosso do Sul;Costa Rica;Mato Grosso do Sul;-18.491389;-53.168333;18°29'29"S;053°10'06"W;738,0;;;09/27;1300,0000;23,00;10/F/B/Y/T;Asfalto;;;;;;Cadastrado;18/08/2025;PA2015-2207;https://pergamum.anac.gov.br/arquivos/PA2015-2207.pdf
SNTF;BA0016;Teixeira de Freitas;TEIXEIRA DE FREITAS;Bahia;Teixeira de Freitas;Bahia;-17.524444;-39.668333;17°31'28"S;039°40'06"W;105,0;VFR;VFR;11/29;1460,0000;30,00;31/F/A/X/T;Asfalto;;;;;;Cadastrado;12/08/2024;PA2014-1877;https://pergamum.anac.gov.br/arquivos/PA2014-1877.pdf
SWPY;MT0023;Primavera do Leste;PRIMAVERA DO LESTE;Mato Grosso;Primavera do Leste;Mato Grosso;-15.5625;-54.330556;15°33'45"S;054°19'50"W;655,0;;;01/19;1330,0000;23,00;5700 Kg /   0.50 MPa;Asfalto;;;;;;Cadastrado;06/07/2032;PA2022-8427;https://pergamum.anac.gov.br/arquivos/PA2022-8427.pdf
SSNG;RS0046;HELIO ALVES DE OLIVEIRA;MONTENEGRO;Rio Grande do Sul;Montenegro;Rio Grande do Sul;-29.719722;-51.488889;29°43'11"S;051°29'20"W;24,0;VFR;Sem Operação;13/31;932,0000;23,00;5700 Kg /   0.50 MPa;Grama;;;;;;Cadastrado;26/07/2033;PA2023-11955;https://pergamum.anac.gov.br/arquivos/PA2023-11955.pdf
SBAX;MG0008;Romeu Zema;ARAXÁ;Minas Gerais;Araxá;Minas Gerais;-19.563056;-46.960556;19°33'47"S;046°57'38"W;998,0;VFR / IFR Não Precisão;VFR / IFR Não Precisão;16/34;1900,0000;30,00;26/F/B/X/T;Asfalto;;;;;;Cadastrado;14/06/2033;PA2023-11583;https://pergamum.anac.gov.br/arquivos/PA2023-11583.pdf
SJQN;GO0006;Quirinópolis;QUIRINÓPOLIS;Goiás;Quirinópolis;Goiás;-18.446111;-50.409167;18°26'46"S;050°24'33"W;586,0;VFR;Sem Operação;13/31;1500,0000;30,00;10/F/C/Y/T;Asfalto;;;;;;Cadastrado;03/12/2030;PA2020-3471;https://pergamum.anac.gov.br/arquivos/PA2020-3471.pdf
SNOF;MG0057;Ouro Fino;OURO FINO;Minas Gerais;Ouro Fino;Minas Gerais;-22.297222;-46.3925;22°17'50"S;046°23'33"W;857,0;VFR;Sem Operação;06/24;1050,0000;23,00;2500 Kg /   0.50 MPa;Asfalto;;;;;;Cadastrado;07/03/2033;PA2023-10632;https://pergamum.anac.gov.br/arquivos/PA2023-10632.pdf
SBMY;AM0015;Manicoré;MANICORÉ;Amazonas;Manicoré;Amazonas;-5.8111111;-61.278333;05°48'40"S;061°16'42"W;53,0;VFR;;05/23;1265,0000;30,00;12/F/C/Y/U;Asfalto;;;;;;Cadastrado;01/12/2032;PA2022-9831;https://pergamum.anac.gov.br/arquivos/PA2022-9831.pdf
SBIZ;MA0002;Prefeito Renato Moreira;IMPERATRIZ;Maranhão;Imperatriz;Maranhão;-5.5305556;-47.458333;05°31'50"S;047°27'30"W;131,0;VFR / IFR Não Precisão;VFR / IFR Não Precisão;07/25;1798,0000;45,00;77/F/C/X/T;Asfalto;;;;;;Cadastrado;;PA2018-2577;https://pergamum.anac.gov.br/arquivos/PA2018-2577.pdf
SBPA;RS0001;Salgado Filho;PORTO ALEGRE;Rio Grande do Sul;Porto Alegre;Rio Grande do Sul;-29.994722;-51.171111;29°59'41"S;051°10'16"W;9,0;;;11/29;3200,0000;45,00;72/F/B/X/T;Asfalto;;;;;;Cadastrado;23/06/2024;PA2014-1446;https://pergamum.anac.gov.br/arquivos/PA2014-1446.pdf
SDPW;SP0041;Pedro Morganti;PIRACICABA;São Paulo;Piracicaba;São Paulo;-22.711944;-47.618056;22°42'43"S;047°37'05"W;584,0;;;17/35;1200,0000;30,00;21/F/A/X/T;Asfalto;;;;;;Cadastrado;02/08/2028;PA2022-7000;https://pergamum.anac.gov.br/arquivos/PA2022-7000.pdf
SNMX;ES0003;São Mateus;SÃO MATEUS;Espírito Santo;São Mateus;Espírito Santo;-18.721389;-39.833611;18°43'17"S;039°50'01"W;30,0;;;08/26;1350,0000;30,00;8/F/C/Y/U;Asfalto;;;;;;Cadastrado;30/07/2025;PA2015/2013;https://pergamum.anac.gov.br/arquivos/PA2015/2013.pdf
SSWS;RS0025;Caçapava do Sul;CAÇAPAVA DO SUL;Rio Grande do Sul;Caçapava do Sul;Rio Grande do Sul;-30.549722;-53.458056;30°32'59"S;053°27'29"W;416,0;;;09/27;1000,0000;18,00;4700 Kg /   0.50 MPa;Terra;;;;;;Interditado;12/05/2032;PA2022-7995;https://pergamum.anac.gov.br/arquivos/PA2022-7995.pdf
SSPN;MS0010;Paranaíba;PARANAÍBA;Mato Grosso do Sul;Paranaíba;Mato Grosso do Sul;-19.651111;-51.199444;19°39'04"S;051°11'58"W;442,0;VFR;;14/32;1320,0000;23,00;12/F/A/Y/T;Asfalto;;;;;;Cadastrado;26/10/2025;PA2015-2850;https://pergamum.anac.gov.br/arquivos/PA2015-2850.pdf
SBTG;MS0006;Três Lagoas;TRÊS LAGOAS;Mato Grosso do Sul;Três Lagoas;Mato Grosso do Sul;-20.751389;-51.680278;20°45'05"S;051°40'49"W;323,0;VFR;VFR;07/25;2000,0000;30,00;33/F/B/X/T;Asfalto;;;;;;Cadastrado;;PA2022-9621;https://pergamum.anac.gov.br/arquivos/PA2022-9621.pdf
SN6L;CE0164;Dr. Luciano de Arruda Coelho;SOBRAL;Ceará;Sobral;Ceará;-3.6147222;-40.232222;03°36'53"S;040°13'56"W;91,0;VFR;VFR;10/28;1800,0000;30,00;46/F/A/X/T;Asfalto;;;;;;Cadastrado;;;
SBAR;SE0001;Santa Maria;ARACAJU;Sergipe;Aracaju;Sergipe;-10.985278;-37.073333;10°59'07"S;037°04'24"W;7,0;;;12/30;2200,0000;45,00;48/F/B/X/T;Asfalto;;;;;;Cadastrado;;PA2020-3773;https://pergamum.anac.gov.br/arquivos/PA2020-3773.pdf
SBAA;PA0008;Conceição do Araguaia;CONCEIÇÃO DO ARAGUAIA;Pará;Conceição do Araguaia;Pará;-8.3486111;-49.303056;08°20'55"S;049°18'11"W;199,0;;;08/26;1800,0000;30,00;47/F/C/X/U;Asfalto;;;;;;Cadastrado;13/01/2031;PA2021-3953;https://pergamum.anac.gov.br/arquivos/PA2021-3953.pdf
SDH2;MT0662;Porto Alegre do Norte;PORTO ALEGRE DO NORTE;Mato Grosso;Porto Alegre do Norte;Mato Grosso;-10.918056;-51.608889;10°55'05"S;051°36'32"W;217,0;VFR;Sem Operação;12/30;1600,0000;18,00;5700 Kg /   0.70 MPa;Asfalto;;;;;;Cadastrado;27/07/2031;PA2021-5582;https://pergamum.anac.gov.br/arquivos/PA2021-5582.pdf
SNAP;MG0021;Janaúba;JANAÚBA;Minas Gerais;Janaúba;Minas Gerais;-15.731944;-43.323056;15°43'55"S;043°19'23"W;532,0;VFR;Sem Operação;10/28;1500,0000;30,00;5700 Kg /   0.50 MPa;Asfalto;;;;;;Interditado;26/10/2030;PA2020-2974;https://pergamum.anac.gov.br/arquivos/PA2020-2974.pdf
SNDC;PA0030;Redenção;REDENÇÃO;Pará;Redenção;Pará;-8.0311111;-49.979722;08°01'52"S;049°58'47"W;207,0;;;06/24;1350,0000;30,00;7/F/C/Y/T;Asfalto;;;;;;Cadastrado;06/03/2025;PA2015-0561;https://pergamum.anac.gov.br/arquivos/PA2015-0561.pdf
SNMZ;PA0020;Porto de Moz;PORTO DE MOZ;Pará;Porto de Moz;Pará;-1.7413889;-52.235833;01°44'29"S;052°14'09"W;16,0;VFR;;05/23;1270,0000;28,00;5700 Kg /   0.50 MPa;Asfalto;;;;;;Cadastrado;09/08/2027;PA2017-2640;https://pergamum.anac.gov.br/arquivos/PA2017-2640.pdf
SSBN;RS0002;Belém Novo;PORTO ALEGRE;Rio Grande do Sul;Porto Alegre;Rio Grande do Sul;-30.189167;-51.1825;30°11'21"S;051°10'57"W;5,0;VFR;Sem Operação;09/27;1103,0000;23,00;5700 Kg /   0.50 MPa;Asfalto;;;;;;Cadastrado;07/01/2029;PA2019-2615;https://pergamum.anac.gov.br/arquivos/PA2019-2615.pdf
SNXQ;BA0018;Xique-Xique;XIQUE-XIQUE;Bahia;Xique-Xique;Bahia;-10.834167;-42.683333;10°50'03"S;042°41'00"W;427,0;VFR;;13/31;1420,0000;20,00;8/F/C/Y/U;Asfalto;;;;;;Interditado;17/09/2024;PA2014-2207;https://pergamum.anac.gov.br/arquivos/PA2014-2207.pdf
SSAK;RS0048;Carlos Ruhl;CRUZ ALTA;Rio Grande do Sul;Cruz Alta;Rio Grande do Sul;-28.658611;-53.611389;28°39'31"S;053°36'41"W;481,0;VFR;Sem Operação;08/26;800,0000;42,00;2500 Kg /   0.50 MPa;Grama;17/35;650,0000;46,00;2500 Kg /   0.50 MPa;Grama;Cadastrado;28/10/2030;PA2020-2975;https://pergamum.anac.gov.br/arquivos/PA2020-2975.pdf
SSCK;SC0010;Olavo Cecco Rigon;CONCÓRDIA;Santa Catarina;Concórdia;Santa Catarina;-27.180556;-52.051111;27°10'50"S;052°03'04"W;751,0;VFR;VFR;15/33;1480,0000;18,00;12/F/B/Y/U;Asfalto;;;;;;Cadastrado;23/10/2023;PA2013-3070;https://pergamum.anac.gov.br/arquivos/PA2013-3070.pdf
SWFN;AM0002;Flores;MANAUS;Amazonas;Manaus;Amazonas;-3.0727778;-60.021111;03°04'22"S;060°01'16"W;62,0;;;11/29;799,0000;30,00;5700 Kg /   0.50 MPa;Asfalto;;;;;;Cadastrado;10/05/2027;PA1581-2017;https://pergamum.anac.gov.br/arquivos/PA1581-2017.pdf
SNFX;PA0013;São Félix do Xingu;SÃO FÉLIX DO XINGU;Pará;São Félix do Xingu;Pará;-6.6413889;-51.952222;06°38'29"S;051°57'08"W;183,0;;;14/32;1600,0000;33,00;45/F/C/X/U;Asfalto;;;;;;Cadastrado;05/07/2031;PA2021-5311;https://pergamum.anac.gov.br/arquivos/PA2021-5311.pdf
SBJR;RJ0005;Jacarepaguá - Roberto Marinho;RIO DE JANEIRO;Rio de Janeiro;Rio de Janeiro;Rio de Janeiro;-22.9875;-43.37;22°59'15"S;043°22'12"W;3,0;;;03/21;900,0000;30,00;10/F/C/Y/U;Asfalto;;;;;;Cadastrado;02/06/2027;PA2017-1808;https://pergamum.anac.gov.br/arquivos/PA2017-1808.pdf
SNPA;MG0052;Pará de Minas;PARÁ DE MINAS;Minas Gerais;Pará de Minas;Minas Gerais;-19.8425;-44.600833;19°50'33"S;044°36'03"W;839,0;;;12/30;1260,0000;23,00;8/F/C/Y/U;Asfalto;;;;;;Cadastrado;13/06/2028;PA2018-1756;https://pergamum.anac.gov.br/arquivos/PA2018-1756.pdf
SBTB;PA0012;Trombetas;ORIXIMINÁ;Pará;Oriximiná;Pará;-1.4897222;-56.396944;01°29'23"S;056°23'49"W;51,0;;;09/27;1600,0000;30,00;26/F/A/X/T;Asfalto;;;;;;Cadastrado;20/04/2031;PA2021-4771;https://pergamum.anac.gov.br/arquivos/PA2021-4771.pdf
SSAQ;RS0036;Aeroclube de Passo Fundo;PASSO FUNDO;Rio Grande do Sul;Passo Fundo;Rio Grande do Sul;-28.250556;-52.516667;28°15'02"S;052°31'00"W;600,0;VFR;Sem Operação;15/33;1080,0000;35,00;5700 Kg /   0.50 MPa;Grama;17/35;940,0000;18,00;5700 Kg /   0.50 MPa;Grama;Cadastrado;16/02/2028;PA2018-0468;https://pergamum.anac.gov.br/arquivos/PA2018-0468.pdf
SND6;SC0012;Dionísio Cerqueira;DIONÍSIO CERQUEIRA;Santa Catarina;Dionísio Cerqueira;Santa Catarina;-26.288056;-53.630833;26°17'17"S;053°37'51"W;824,0;;;01/19;1376,0000;18,00;11/F/A/Y/T;Asfalto;;;;;;Cadastrado;;PA2024-14959;https://pergamum.anac.gov.br/arquivos/PA2024-14959.pdf
SWLB;AM0024;Lábrea;LÁBREA;Amazonas;Lábrea;Amazonas;-7.2788889;-64.769444;07°16'44"S;064°46'10"W;74,0;;;18/36;1200,0000;30,00;8/F/C/Y/T;Asfalto;;;;;;Cadastrado;18/11/2030;PA2020-3249;https://pergamum.anac.gov.br/arquivos/PA2020-3249.pdf
SWNH;GO0017;Aruanã;ARUANÃ;Goiás;Aruanã;Goiás;-14.933056;-51.048333;14°55'59"S;051°02'54"W;250,0;VFR;;06/24;1509,0000;30,00;5700 Kg /   0.50 MPa;Asfalto;;;;;;Cadastrado;;PA2020-1082;https://pergamum.anac.gov.br/arquivos/PA2020-1082.pdf
SSPL;RS0043;Palmeira das Missões;PALMEIRA DAS MISSÕES;Rio Grande do Sul;Palmeira das Missões;Rio Grande do Sul;-27.901667;-53.33;27°54'06"S;053°19'48"W;613,0;VFR;Sem Operação;05/23;1160,0000;18,00;4/F/A/Y/T;Asfalto;;;;;;Cadastrado;12/04/2033;PA2023-10880;https://pergamum.anac.gov.br/arquivos/PA2023-10880.pdf
SNWC;CE0011;Camocim;CAMOCIM;Ceará;Camocim;Ceará;-2.8958333;-40.858889;02°53'45"S;040°51'32"W;14,0;VFR;VFR;14/32;1200,0000;30,00;14/F/B/Y/U;Asfalto;;;;;;Cadastrado;07/05/2030;PA2020-1190;https://pergamum.anac.gov.br/arquivos/PA2020-1190.pdf
SBCY;MT0001;Marechal Rondon;CUIABÁ;Mato Grosso;Cuiabá;Mato Grosso;-15.65;-56.1175;15°39'00"S;056°07'03"W;188,0;;;17/35;2300,0000;45,00;56/F/B/X/T;Asfalto;;;;;;Cadastrado;23/08/2028;PA2018-2575;https://pergamum.anac.gov.br/arquivos/PA2018-2575.pdf
SNRD;BA0048;Prado;PRADO;Bahia;Prado;Bahia;-17.296944;-39.271944;17°17'49"S;039°16'19"W;27,0;;;11/29;1166,0000;30,00;8/F/C/Y/U;Asfalto;;;;;;Cadastrado;17/04/2028;PA2018-1208;https://pergamum.anac.gov.br/arquivos/PA2018-1208.pdf
SNIO;BA0010;Cipó;CIPÓ;Bahia;Cipó;Bahia;-11.125278;-38.486944;11°07'31"S;038°29'13"W;223,0;;;13/31;1560,0000;28,00;4/F/B/Y/U;Asfalto;;;;;;Cadastrado;05/08/2025;PA2015-2097;https://pergamum.anac.gov.br/arquivos/PA2015-2097.pdf
SSOS;RS0042;Osório;OSÓRIO;Rio Grande do Sul;Osório;Rio Grande do Sul;-29.902222;-50.249167;29°54'08"S;050°14'57"W;17,0;VFR;Sem Operação;11/29;950,0000;25,00;5700 Kg /   0.50 MPa;Saibro;;;;;;Cadastrado;07/05/2030;PA2020-1195;https://pergamum.anac.gov.br/arquivos/PA2020-1195.pdf
SBGR;SP0002;Guarulhos - Governador André Franco Montoro;GUARULHOS;São Paulo;Guarulhos;São Paulo;-23.435556;-46.473056;23°26'08"S;046°28'23"W;750,0;VFR / IFR - CAT III A;VFR / IFR - CAT III A;10L/28;3700,0000;45,00;77/F/B/W/T;Asfalto;10R/28;3000,0000;45,00;77/F/B/W/T;Asfalto;Cadastrado;;;
SBMT;SP0007;Campo de Marte;SÃO PAULO;São Paulo;São Paulo;São Paulo;-23.509167;-46.6375;23°30'33"S;046°38'15"W;723,0;VFR;VFR;12/30;1600,0000;45,00;16/F/C/Y/U;Asfalto;;;;;;Cadastrado;02/10/2033;PA2023-12.612;https://pergamum.anac.gov.br/arquivos/PA2023-12.612.pdf
SNED;BA0023;Sócrates Rezende;CANAVIEIRAS;Bahia;Canavieiras;Bahia;-15.666389;-38.955278;15°39'59"S;038°57'19"W;6,0;;;14/32;1340,0000;30,00;5700 Kg /   0.50 MPa;Asfalto;;;;;;Interditado;26/04/2027;PA2017-1349;https://pergamum.anac.gov.br/arquivos/PA2017-1349.pdf
SWNS;GO0004;Anápolis;ANÁPOLIS;Goiás;Anápolis;Goiás;-16.3625;-48.928056;16°21'45"S;048°55'41"W;1112,0;VFR;VFR;07/25;1218,0000;45,00;30/F/C/X/U;Asfalto;;;;;;Cadastrado;16/04/2030;PA2020-1010;https://pergamum.anac.gov.br/arquivos/PA2020-1010.pdf
SSJA;SC0014;Santa Terezinha;JOAÇABA;Santa Catarina;Joaçaba;Santa Catarina;-27.171389;-51.553333;27°10'17"S;051°33'12"W;782,0;VFR;VFR;15/33;1215,0000;30,00;12/F/A/X/T;Asfalto;;;;;;Cadastrado;31/08/2033;PA2023-12300;https://pergamum.anac.gov.br/arquivos/PA2023-12300.pdf
SDK7;MS0563;Nova Andradina;NOVA ANDRADINA;Mato Grosso do Sul;Nova Andradina;Mato Grosso do Sul;-22.1625;-53.330278;22°09'45"S;053°19'49"W;419,0;VFR;Sem Operação;12/30;1300,0000;23,00;5680 Kg /   1.00 MPa;Asfalto;;;;;;Cadastrado;31/08/2031;PA2021-5790;https://pergamum.anac.gov.br/arquivos/PA2021-5790.pdf
SSIM;SC0009;Forquilhinha-Criciúma;FORQUILHINHA;Santa Catarina;Forquilhinha;Santa Catarina;-28.725833;-49.424722;28°43'33"S;049°25'29"W;28,0;VFR / IFR Não Precisão;VFR / IFR Não Precisão;09/27;1568,0000;30,00;55/F/C/X/T;Asfalto;;;;;;Cadastrado;;PA2023-12.002;https://pergamum.anac.gov.br/arquivos/PA2023-12.002.pdf
SBBH;MG0003;Pampulha - Carlos Drummond de Andrade;BELO HORIZONTE;Minas Gerais;Belo Horizonte;Minas Gerais;-19.851944;-43.950556;19°51'07"S;043°57'02"W;789,0;VFR / IFR Não Precisão;VFR / IFR Não Precisão;13/31;2364,0000;45,00;44/F/B/X/T;Asfalto;;;;;;Cadastrado;18/04/2027;PA2017-1295;https://pergamum.anac.gov.br/arquivos/PA2017-1295.pdf
SNMN;MG0075;Minas Novas;MINAS NOVAS;Minas Gerais;Minas Novas;Minas Gerais;-17.263889;-42.539167;17°15'50"S;042°32'21"W;825,0;VFR;Sem Operação;15/33;735,0000;20,00;2500 Kg /   0.50 MPa;Terra;;;;;;Cadastrado;05/05/2033;PA2023-11170;https://pergamum.anac.gov.br/arquivos/PA2023-11170.pdf
SDOU;SP0023;Jornalista Benedito Pimentel;OURINHOS;São Paulo;Ourinhos;São Paulo;-22.973611;-49.911389;22°58'25"S;049°54'41"W;462,0;VFR;VFR;16/34;1500,0000;30,00;15/F/B/X/T;Asfalto;;;;;;Cadastrado;08/04/2030;PA2020-0978;https://pergamum.anac.gov.br/arquivos/PA2020-0978.pdf
SJGU;TO0005;Araguatins;ARAGUATINS;Tocantins;Araguatins;Tocantins;-5.6858333;-48.114167;05°41'09"S;048°06'51"W;125,0;;;12/30;1500,0000;30,00;8/F/B/Y/T;Asfalto;;;;;;Interditado;23/05/2032;PA2022-8034;https://pergamum.anac.gov.br/arquivos/PA2022-8034.pdf
SNYA;PA0024;Aeródromo Público de Almeirim;ALMEIRIM;Pará;Almeirim;Pará;-1.4791667;-52.578056;01°28'45"S;052°34'41"W;178,0;VFR;;06/24;1200,0000;30,00;7/F/B/Y/U;Piçarra;;;;;;Cadastrado;06/03/2025;PA2015-0560;https://pergamum.anac.gov.br/arquivos/PA2015-0560.pdf
SDIM;SP0033;Dr. Antonio Ribeiro Nogueira Júnior;ITANHAÉM;São Paulo;Itanhaém;São Paulo;-24.164722;-46.785556;24°09'53"S;046°47'08"W;3,0;VFR;VFR;15/33;1350,0000;30,00;31/F/C/X/T;Asfalto;;;;;;Cadastrado;23/09/2030;PA2020-2423;https://pergamum.anac.gov.br/arquivos/PA2020-2423.pdf
SWCQ;RO0007;Costa Marques;COSTA MARQUES;Rondônia;Costa Marques;Rondônia;-12.421667;-64.251667;12°25'18"S;064°15'06"W;169,0;VFR;Sem Operação;01/19;1495,0000;20,00;8/F/B/Y/T;Asfalto;;;;;;Cadastrado;;PD1985-0317;https://pergamum.anac.gov.br/arquivos/PD1985-0317.pdf
SWUZ;GO0025;Brigadeiro Araripe Macedo;LUZIÂNIA;Goiás;Luziânia;Goiás;-16.261667;-47.968611;16°15'42"S;047°58'07"W;996,0;VFR;Sem Operação;11/29;1200,0000;20,00;8/F/C/Y/U;Asfalto;;;;;;Cadastrado;05/02/2028;PA2018-339;https://pergamum.anac.gov.br/arquivos/PA2018-339.pdf
SNAL;AL0003;Arapiraca;ARAPIRACA;Alagoas;Arapiraca;Alagoas;-9.7763889;-36.630556;09°46'35"S;036°37'50"W;270,0;VFR;VFR;10/28;930,0000;18,00;13/F/B/Y/T;Asfalto;;;;;;Cadastrado;23/04/2030;PA2020-1073;https://pergamum.anac.gov.br/arquivos/PA2020-1073.pdf
SNIC;BA0019;Irecê;IRECÊ;Bahia;Irecê;Bahia;-11.34;-41.846944;11°20'24"S;041°50'49"W;784,0;VFR;VFR;11/29;1400,0000;30,00;5700 Kg /   0.50 MPa;Asfalto;;;;;;Cadastrado;20/05/2030;PA2020-1299;https://pergamum.anac.gov.br/arquivos/PA2020-1299.pdf
SBLJ;SC0007;Lages;LAGES;Santa Catarina;Lages;Santa Catarina;-27.782222;-50.281667;27°46'56"S;050°16'54"W;934,0;VFR / IFR Não Precisão;VFR / IFR Não Precisão;17/35;1532,0000;30,00;17/F/C/Y/U;Asfalto;;;;;;Cadastrado;23/06/2026;PA2016-1562;https://pergamum.anac.gov.br/arquivos/PA2016-1562.pdf
SDOV;GO0005;Mozarlândia;MOZARLÂNDIA;Goiás;Mozarlândia;Goiás;-14.768889;-50.565;14°46'08"S;050°33'54"W;328,0;VFR;Sem Operação;17/35;1500,0000;30,00;20/F/B/Y/T;Asfalto;;;;;;Cadastrado;07/04/2030;PA2020-0972;https://pergamum.anac.gov.br/arquivos/PA2020-0972.pdf
SDUB;SP0065;Estadual Gastão Madeira;UBATUBA;São Paulo;Ubatuba;São Paulo;-23.441389;-45.076111;23°26'29"S;045°04'34"W;3,0;VFR;Sem Operação;09/27;940,0000;30,00;8/F/C/Y/U;Asfalto;;;;;;Cadastrado;17/04/2030;PA2020-1019;https://pergamum.anac.gov.br/arquivos/PA2020-1019.pdf
SBFL;SC0001;Hercílio Luz;FLORIANÓPOLIS;Santa Catarina;Florianópolis;Santa Catarina;-27.670278;-48.5525;27°40'13"S;048°33'09"W;5,0;VFR / IFR - CAT I;VFR / IFR - CAT I;03/21;1320,0000;45,00;26/R/B/X/T;Concreto;14/32;2400,0000;45,00;78/F/A/X/T;Asfalto;Cadastrado;;PA2017-3540;https://pergamum.anac.gov.br/arquivos/PA2017-3540.pdf
SNPD;MG0010;Patos de Minas;PATOS DE MINAS;Minas Gerais;Patos de Minas;Minas Gerais;-18.672222;-46.491389;18°40'20"S;046°29'29"W;851,0;;;09/27;1700,0000;30,00;39/F/A/Y/T;Asfalto;;;;;;Cadastrado;15/03/2026;PA2016-0576;https://pergamum.anac.gov.br/arquivos/PA2016-0576.pdf
SBMD;PA0009;Monte Dourado;ALMEIRIM;Pará;Almeirim;Pará;-0.88972222;-52.602222;00°53'23"S;052°36'08"W;206,0;;;08/26;1800,0000;30,00;25/F/A/X/T;Asfalto;;;;;;Cadastrado;31/07/2030;PA2020-1922;https://pergamum.anac.gov.br/arquivos/PA2020-1922.pdf
SBME;RJ0004;Macaé;MACAÉ;Rio de Janeiro;Macaé;Rio de Janeiro;-22.342778;-41.763889;22°20'34"S;041°45'50"W;2,0;;;06/24;1200,0000;30,00;19/F/C/W/T;Asfalto;;;;;;Cadastrado;09/07/2029;PA2019-3922;https://pergamum.anac.gov.br/arquivos/PA2019-3922.pdf
SDLL;SP0048;Yolanda Penteado;LEME;São Paulo;Leme;São Paulo;-22.225833;-47.380833;22°13'33"S;047°22'51"W;627,0;;;09/27;1332,0000;18,00;7/F/B/X/U;Asfalto;;;;;;Cadastrado;16/04/2029;PA2021-4264;https://pergamum.anac.gov.br/arquivos/PA2021-4264.pdf
SBTD;PR0008;Luiz Dalcanale Filho;TOLEDO;Paraná;Toledo;Paraná;-24.685278;-53.696389;24°41'07"S;053°41'47"W;562,0;;;02/20;1670,0000;30,00;33/F/C/X/U;Asfalto;;;;;;Cadastrado;05/12/2028;PA2018-3681;https://pergamum.anac.gov.br/arquivos/PA2018-3681.pdf
SBJE;CE0003;Comandante Ariston Pessoa;CRUZ;Ceará;Cruz;Ceará;-2.9066667;-40.358056;02°54'24"S;040°21'29"W;27,0;VFR / IFR Não Precisão;VFR / IFR Não Precisão;08/26;2200,0000;45,00;62/F/B/W/T;Asfalto;;;;;;Cadastrado;17/11/2027;PA2017-3750;https://pergamum.anac.gov.br/arquivos/PA2017-3750.pdf
SBRD;MT0004;Rondonópolis - Maestro Marinho Franco;RONDONÓPOLIS;Mato Grosso;Rondonópolis;Mato Grosso;-16.588056;-54.721667;16°35'17"S;054°43'18"W;447,0;;;02/20;1850,0000;30,00;40/F/C/X/T;Asfalto;;;;;;Cadastrado;;PA2018-3190;https://pergamum.anac.gov.br/arquivos/PA2018-3190.pdf
SNTI;PA0016;Óbidos;ÓBIDOS;Pará;Óbidos;Pará;-1.8680556;-55.514444;01°52'05"S;055°30'52"W;100,0;;;10/28;1520,0000;30,00;9/F/C/Y/U;Asfalto;;;;;;Cadastrado;17/08/2027;PA2017-2710;https://pergamum.anac.gov.br/arquivos/PA2017-2710.pdf
SI68;MT0612;Gelindo Stefanuto;CAMPO NOVO DO PARECIS;Mato Grosso;Campo Novo do Parecis;Mato Grosso;-13.731389;-57.891667;13°43'53"S;057°53'30"W;593,0;VFR;Sem Operação;02/20;1600,0000;30,00;13/F/C/Y/T;Asfalto;;;;;;Cadastrado;17/05/2032;PA2022-8043;https://pergamum.anac.gov.br/arquivos/PA2022-8043.pdf
SSPT;PR0028;Brasílio Marques;PALOTINA;Paraná;Palotina;Paraná;-24.343333;-53.828611;24°20'36"S;053°49'43"W;373,0;VFR;Sem Operação;03/21;1100,0000;18,00;5700 Kg /   0.50 MPa;Asfalto;;;;;;Cadastrado;20/11/2029;PA2019-3554;https://pergamum.anac.gov.br/arquivos/PA2019-3554.pdf
SBRP;SP0004;Leite Lopes;RIBEIRÃO PRETO;São Paulo;Ribeirão Preto;São Paulo;-21.136389;-47.776667;21°08'11"S;047°46'36"W;550,0;;;18/36;2100,0000;45,00;54/F/A/X/T;Asfalto;;;;;;Cadastrado;20/12/2032;PA2022-10.032;https://pergamum.anac.gov.br/arquivos/PA2022-10.032.pdf
SNLI;MG0040;Abaeté;ABAETÉ;Minas Gerais;Abaeté;Minas Gerais;-19.155833;-45.495;19°09'21"S;045°29'42"W;664,0;;;17/35;1200,0000;30,00;5670 Kg /   0.63 MPa;Asfalto;;;;;;Interditado;06/05/2032;PA2022-7914;https://pergamum.anac.gov.br/arquivos/PA2022-7914.pdf
SNVC;MG0074;Viçosa;VIÇOSA;Minas Gerais;Viçosa;Minas Gerais;-20.745;-42.841389;20°44'42"S;042°50'29"W;659,0;VFR;;17/35;1105,0000;30,00;5000 Kg /   5.00 MPa;Asfalto;;;;;;Cadastrado;14/03/2033;PA2023-10661;https://pergamum.anac.gov.br/arquivos/PA2023-10661.pdf
SSER;RS0018;Erechim;ERECHIM;Rio Grande do Sul;Erechim;Rio Grande do Sul;-27.663333;-52.271944;27°39'48"S;052°16'19"W;761,0;;;14/32;1280,0000;30,00;11/F/B/X/U;Asfalto;;;;;;Cadastrado;17/05/2032;PA2022-8035;https://pergamum.anac.gov.br/arquivos/PA2022-8035.pdf
SNQG;PI0003;Cangapara;FLORIANO;Piauí;Floriano;Piauí;-6.8461111;-43.078056;06°50'46"S;043°04'41"W;210,0;;;16/34;1800,0000;30,00;6/F/C/Y/U;Asfalto;;;;;;Cadastrado;14/09/2028;PA2022-7680;https://pergamum.anac.gov.br/arquivos/PA2022-7680.pdf
SDIV;SP0056;Ituverava;ITUVERAVA;São Paulo;Ituverava;São Paulo;-20.375278;-47.768611;20°22'31"S;047°46'07"W;623,0;;;17/35;1350,0000;23,00;13/F/B/Y/T;Asfalto;;;;;;Cadastrado;09/04/2030;PA 2020-970;https://pergamum.anac.gov.br/arquivos/PA 2020-970.pdf
SBHT;PA0003;Altamira;ALTAMIRA;Pará;Altamira;Pará;-3.2508333;-52.252222;03°15'03"S;052°15'08"W;112,0;VFR / IFR Não Precisão;VFR / IFR Não Precisão;07/25;2003,0000;30,00;36/F/A/X/T;Asfalto;;;;;;Cadastrado;25/08/2027;PA2017-2887;https://pergamum.anac.gov.br/arquivos/PA2017-2887.pdf
SBMS;RN0002;Dix-Sept Rosado;MOSSORÓ;Rio Grande do Norte;Mossoró;Rio Grande do Norte;-5.1958333;-37.361667;05°11'45"S;037°21'42"W;23,0;;;05/23;1900,0000;30,00;31/F/B/X/T;Asfalto;;;;;;Cadastrado;20/04/2031;PA2021-4773;https://pergamum.anac.gov.br/arquivos/PA2021-4773.pdf
SBJA;SC0005;Regional Sul;JAGUARUNA;Santa Catarina;Jaguaruna;Santa Catarina;-28.675278;-49.059444;28°40'31"S;049°03'34"W;35,0;VFR / IFR Não Precisão;VFR / IFR Não Precisão;05/23;2499,0000;30,00;57/F/A/X/T;Asfalto;;;;;;Cadastrado;19/05/2033;PA2023-11194;https://pergamum.anac.gov.br/arquivos/PA2023-11194.pdf
SWKQ;PI0004;Serra da Capivara/São Raimundo Nonato;SÃO RAIMUNDO NONATO;Piauí;São Raimundo Nonato;Piauí;-9.0833333;-42.644722;09°05'00"S;042°38'41"W;415,0;VFR;VFR;16/34;1650,0000;45,00;34/F/B/X/T;Asfalto;;;;;;Cadastrado;;;
SNRP;MG0066;Rio Paranaíba;RIO PARANAÍBA;Minas Gerais;Rio Paranaíba;Minas Gerais;-19.2125;-46.240556;19°12'45"S;046°14'26"W;1145,0;VFR;Sem Operação;17/35;550,0000;22,00;4000 Kg /   0.50 MPa;Terra;;;;;;Cadastrado;;;
SNVD;BA0050;Santa Maria da Vitória;SANTA MARIA DA VITÓRIA;Bahia;Santa Maria da Vitória;Bahia;-13.404722;-44.223056;13°24'17"S;044°13'23"W;465,0;VFR;;10/28;1300,0000;30,00;8/F/C/Y/U;Asfalto;;;;;;Cadastrado;26/05/2033;PA2023-11292;https://pergamum.anac.gov.br/arquivos/PA2023-11292.pdf
SNAB;PE0009;Araripina;ARARIPINA;Pernambuco;Araripina;Pernambuco;-7.5863889;-40.535278;07°35'11"S;040°32'07"W;740,0;;;13/31;1247,0000;27,00;11/F/B/Y/T;Asfalto;;;;;;Cadastrado;;PA2018-3128;https://pergamum.anac.gov.br/arquivos/PA2018-3128.pdf
SBJD;SP0031;Comandante Rolim Adolfo Amaro;JUNDIAÍ;São Paulo;Jundiaí;São Paulo;-23.181667;-46.943611;23°10'54"S;046°56'37"W;753,0;VFR / IFR Não Precisão;VFR / IFR Não Precisão;18/36;1400,0000;30,00;21/F/A/X/T;Asfalto;;;;;;Cadastrado;14/12/2028;PA2018-3807;https://pergamum.anac.gov.br/arquivos/PA2018-3807.pdf
SBKG;PB0003;Presidente João Suassuna;CAMPINA GRANDE;Paraíba;Campina Grande;Paraíba;-7.2691667;-35.895;07°16'09"S;035°53'42"W;502,0;;;15/33;1565,0000;42,00;50/F/A/X/T;Asfalto;;;;;;Cadastrado;;PA2016-0575;https://pergamum.anac.gov.br/arquivos/PA2016-0575.pdf
SNFO;MG0060;Formiga;FORMIGA;Minas Gerais;Formiga;Minas Gerais;-20.394722;-45.483056;20°23'41"S;045°28'59"W;1017,0;VFR;;02/20;1117,0000;23,00;8/F/C/Y/U;Cascalho;;;;;;Cadastrado;05/06/2033;PA2023-11483;https://pergamum.anac.gov.br/arquivos/PA2023-11483.pdf
SNIP;BA0057;Itapetinga;ITAPETINGA;Bahia;Itapetinga;Bahia;-15.244444;-40.277222;15°14'40"S;040°16'38"W;270,0;;;11/29;1400,0000;29,00;8/F/C/Y/U;Asfalto;;;;;;Cadastrado;08/10/2024;PA2014-2366;https://pergamum.anac.gov.br/arquivos/PA2014-2366.pdf
SSIR;RS0049;Ibirubá;IBIRUBÁ;Rio Grande do Sul;Ibirubá;Rio Grande do Sul;-28.604167;-53.078611;28°36'15"S;053°04'43"W;457,0;VFR;Sem Operação;11/29;900,0000;18,00;5000 Kg /   0.50 MPa;Grama;;;;;;Cadastrado;06/09/2026;PA2016-2358;https://pergamum.anac.gov.br/arquivos/PA2016-2358.pdf
SBSV;BA0001;DEPUTADO LUÍS EDUARDO MAGALHÃES;SALVADOR;Bahia;Salvador;Bahia;-12.908611;-38.3225;12°54'31"S;038°19'21"W;20,0;VFR / IFR - CAT I;;17/35;1518,0000;45,00;41/F/B/X/T;Asfalto;10/28;3003,0000;45,00;73/F/A/W/T;Asfalto;Cadastrado;04/06/2024;PA2014-1258;https://pergamum.anac.gov.br/arquivos/PA2014-1258.pdf
SBSR;SP0006;Professor Eriberto Manoel Reino;SÃO JOSÉ DO RIO PRETO;São Paulo;São José do Rio Preto;São Paulo;-20.817222;-49.406944;20°49'02"S;049°24'25"W;544,0;VFR / IFR Não Precisão;VFR / IFR Não Precisão;07/25;1640,0000;35,00;35/F/B/X/T;Asfalto;;;;;;Cadastrado;20/04/2028;PA2018-1262;https://pergamum.anac.gov.br/arquivos/PA2018-1262.pdf
SSLT;RS0022;Gaudêncio Machado Ramos;ALEGRETE;Rio Grande do Sul;Alegrete;Rio Grande do Sul;-29.8125;-55.893333;29°48'45"S;055°53'36"W;125,0;VFR;;15/33;1200,0000;18,00;6/F/B/X/T;Asfalto;;;;;;Cadastrado;23/09/2030;PA2020-2417;https://pergamum.anac.gov.br/arquivos/PA2020-2417.pdf
SNUI;MG0045;Araçuaí;ARAÇUAÍ;Minas Gerais;Araçuaí;Minas Gerais;-16.851944;-42.046111;16°51'07"S;042°02'46"W;328,0;;;08/26;1200,0000;30,00;10/F/B/Y/T;Asfalto;;;;;;Cadastrado;13/01/2031;PA2021-3956;https://pergamum.anac.gov.br/arquivos/PA2021-3956.pdf
SSJI;MS0019;Jardim;JARDIM;Mato Grosso do Sul;Jardim;Mato Grosso do Sul;-21.492778;-56.1525;21°29'34"S;056°09'09"W;321,0;;;18/36;950,0000;15,00;8/F/B/X/T;Asfalto;;;;;;Cadastrado;10/08/2022;PA2022-8719;https://pergamum.anac.gov.br/arquivos/PA2022-8719.pdf
SNZA;MG0038;Pouso Alegre;POUSO ALEGRE;Minas Gerais;Pouso Alegre;Minas Gerais;-22.288889;-45.919444;22°17'20"S;045°55'10"W;885,0;VFR;;02/20;1280,0000;30,00;14/F/A/Y/T;Asfalto;;;;;;Cadastrado;;PA2020-3470;https://pergamum.anac.gov.br/arquivos/PA2020-3470.pdf
SWXQ;SP0015;Lins;LINS;São Paulo;Lins;São Paulo;-21.662778;-49.731111;21°39'46"S;049°43'52"W;480,0;VFR;VFR;14/32;1700,0000;35,00;30/F/B/X/T;Asfalto;;;;;;Cadastrado;22/02/2033;PA2023-10512;https://pergamum.anac.gov.br/arquivos/PA2023-10512.pdf
SBML;SP0014;Frank Miloye Milenkovich;MARÍLIA;São Paulo;Marília;São Paulo;-22.196944;-49.926389;22°11'49"S;049°55'35"W;650,0;;;03/21;1700,0000;35,00;35/F/B/X/T;Asfalto;;;;;;Cadastrado;27/06/2033;PA2023-11657;https://pergamum.anac.gov.br/arquivos/PA2023-11657.pdf
SBPL;PE0002;Aeroporto Internacional Senador Nilo Coelho;PETROLINA;Pernambuco;Petrolina;Pernambuco;-9.3675;-40.563611;09°22'03"S;040°33'49"W;384,0;;;13/31;3250,0000;45,00;78/F/A/X/T;Asfalto;;;;;;Cadastrado;;PA2021-6650;https://pergamum.anac.gov.br/arquivos/PA2021-6650.pdf
SNGI;BA0009;Aeródromo de Guanambi;GUANAMBI;Bahia;Guanambi;Bahia;-14.208056;-42.746111;14°12'29"S;042°44'46"W;553,0;VFR;VFR;14/32;1700,0000;30,00;18/F/A/Y/T;Asfalto;;;;;;Cadastrado;08/07/2025;PA2015-1765;https://pergamum.anac.gov.br/arquivos/PA2015-1765.pdf
SNAR;MG0033;Cirilo Queiróz;ALMENARA;Minas Gerais;Almenara;Minas Gerais;-16.165833;-40.684167;16°09'57"S;040°41'03"W;195,0;;;07/25;1400,0000;30,00;8/F/B/Y/U;Asfalto;;;;;;Cadastrado;21/07/2022;PA2022-8565;https://pergamum.anac.gov.br/arquivos/PA2022-8565.pdf
SSOE;SC0015;Hélio Wasum;DESCANSO;Santa Catarina;São Miguel do Oeste;Santa Catarina;-26.781111;-53.503333;26°46'52"S;053°30'12"W;665,0;VFR;VFR;17/35;1260,0000;18,00;11/F/A/Y/T;Asfalto;;;;;;Cadastrado;19/05/2030;PA2020-1292;https://pergamum.anac.gov.br/arquivos/PA2020-1292.pdf
SND4;SC0020;Ismael Nunes;SÃO JOAQUIM;Santa Catarina;São Joaquim;Santa Catarina;-28.245556;-49.8975;28°14'44"S;049°53'51"W;1426,0;;;17/35;1300,0000;30,00;10/F/C/Y/T;Asfalto;;;;;;Cadastrado;;PA2024-14953;https://pergamum.anac.gov.br/arquivos/PA2024-14953.pdf
SBZM;MG0006;Presidente Itamar Franco;GOIANÁ;Minas Gerais;Goianá;Minas Gerais;-21.513056;-43.173056;21°30'47"S;043°10'23"W;412,0;VFR / IFR Não Precisão;IFR Não Precisão;08/26;2525,0000;45,00;66/F/B/X/T;Asfalto;;;;;;Cadastrado;13/04/2030;PA2022-7114;https://pergamum.anac.gov.br/arquivos/PA2022-7114.pdf
SSRE;PR0030;Realeza;REALEZA;Paraná;Realeza;Paraná;-25.801111;-53.513056;25°48'04"S;053°30'47"W;501,0;VFR;;06/24;1200,0000;18,00;6/F/B/Y/T;Asfalto;;;;;;Cadastrado;30/03/2033;PA2023-10822;https://pergamum.anac.gov.br/arquivos/PA2023-10822.pdf
SNJM;MG0050;Regional de Santo Amaro de Minas;MANHUAÇU;Minas Gerais;Manhuaçu;Minas Gerais;-20.259722;-42.183889;20°15'35"S;042°11'02"W;829,0;;;02/20;1170,0000;30,00;14/F/B/X/T;Asfalto;;;;;;Cadastrado;24/10/2033;PA2023-12.875;https://pergamum.anac.gov.br/arquivos/PA2023-12.875.pdf
SSQT;PR0013;Castro;CASTRO;Paraná;Castro;Paraná;-24.8075;-49.959444;24°48'27"S;049°57'34"W;1010,0;VFR;Sem Operação;06/24;1400,0000;30,00;2500 Kg /   0.50 MPa;Asfalto;;;;;;Cadastrado;18/07/2033;PA2023-11890;https://pergamum.anac.gov.br/arquivos/PA2023-11890.pdf
SBAT;MT0003;PILOTO OSVALDO MARQUES DIAS;ALTA FLORESTA;Mato Grosso;Alta Floresta;Mato Grosso;-9.8663889;-56.105;09°51'59"S;056°06'18"W;289,0;;;04/22;2500,0000;30,00;48/F/B/X/T;Asfalto;;;;;;Cadastrado;;PA2021-5745;https://pergamum.anac.gov.br/arquivos/PA2021-5745.pdf
SDXF;GO0020;Alto Paraíso de Goiás;ALTO PARAÍSO DE GOIÁS;Goiás;Alto Paraíso de Goiás;Goiás;-14.119167;-47.530278;14°07'09"S;047°31'49"W;1339,0;VFR;;09/27;1080,0000;30,00;5700 Kg /   0.50 MPa;Asfalto;;;;;;Cadastrado;07/05/2028;PA2018-1383;https://pergamum.anac.gov.br/arquivos/PA2018-1383.pdf
SBCG;MS0001;CAMPO GRANDE;CAMPO GRANDE;Mato Grosso do Sul;Campo Grande;Mato Grosso do Sul;-20.469444;-54.670278;20°28'10"S;054°40'13"W;559,0;;;06/24;2600,0000;45,00;48/F/B/X/T;Asfalto;;;;;;Cadastrado;;PA2016-1884;https://pergamum.anac.gov.br/arquivos/PA2016-1884.pdf
SBFZ;CE0001;Pinto Martins;FORTALEZA;Ceará;Fortaleza;Ceará;-3.7758333;-38.532222;03°46'33"S;038°31'56"W;25,0;;;13/31;2755,0000;45,00;66/F/A/X/T;Asfalto;;;;;;Cadastrado;24/10/2028;PA2018-3262;https://pergamum.anac.gov.br/arquivos/PA2018-3262.pdf
SWNQ;GO0016;Niquelândia;NIQUELÂNDIA;Goiás;Niquelândia;Goiás;-14.436389;-48.491944;14°26'11"S;048°29'31"W;840,0;VFR;Sem Operação;02/20;1479,0000;18,00;8/F/C/Y/U;Asfalto;;;;;;Interditado;05/01/2031;PA2020-3888;https://pergamum.anac.gov.br/arquivos/PA2020-3888.pdf
SNFU;MG0063;Frutal;FRUTAL;Minas Gerais;Frutal;Minas Gerais;-20.004722;-48.958889;20°00'17"S;048°57'32"W;549,0;VFR;Sem Operação;07/25;1320,0000;30,00;15/F/C/Y/T;Asfalto;;;;;;Cadastrado;12/03/2030;PA2020-0681;https://pergamum.anac.gov.br/arquivos/PA2020-0681.pdf
SSSG;RS0035;São Gabriel;SÃO GABRIEL;Rio Grande do Sul;São Gabriel;Rio Grande do Sul;-30.345;-54.267778;30°20'42"S;054°16'04"W;145,0;;;05/23;1000,0000;42,00;8/F/C/Y/U;Saibro;;;;;;Cadastrado;13/01/2031;PA2021-3957;https://pergamum.anac.gov.br/arquivos/PA2021-3957.pdf
SJAU;TO0007;Araguacema;ARAGUACEMA;Tocantins;Araguacema;Tocantins;-8.8377778;-49.557778;08°50'16"S;049°33'28"W;207,0;;;12/30;1400,0000;30,00;6/F/A/Y/T;Asfalto;;;;;;Interditado;;;
SBIL;BA0004;Bahia - Jorge Amado;ILHÉUS;Bahia;Ilhéus;Bahia;-14.815;-39.033333;14°48'54"S;039°02'00"W;4,0;VFR;VFR;11/29;1577,0000;45,00;50/F/B/X/T;Asfalto;;;;;;Cadastrado;;;
SNMR;BA0065;Maraú;MARAÚ;Bahia;Maraú;Bahia;-14.143333;-39.006667;14°08'36"S;039°00'24"W;9,0;VFR;Sem Operação;05/23;630,0000;18,00;5000 Kg /   0.50 MPa;Areia;;;;;;Cadastrado;02/06/2033;PA2023-11420;https://pergamum.anac.gov.br/arquivos/PA2023-11420.pdf
SDLY;SP0071;Armando Natali;MATÃO;São Paulo;Matão;São Paulo;-21.624167;-48.350833;21°37'27"S;048°21'03"W;635,0;;;16/34;750,0000;18,00;5600 Kg /   0.50 MPa;Terra;;;;;;Cadastrado;31/07/2030;PA2020-1919;https://pergamum.anac.gov.br/arquivos/PA2020-1919.pdf
SBEK;PA0011;Jacareacanga;JACAREACANGA;Pará;Jacareacanga;Pará;-6.2352778;-57.775833;06°14'07"S;057°46'33"W;90,0;;;08/26;1600,0000;30,00;5700 Kg /   0.50 MPa;Asfalto;;;;;;Cadastrado;23/09/2030;PA2020-2419;https://pergamum.anac.gov.br/arquivos/PA2020-2419.pdf
SSZR;RS0027;Luis Alberto Lehr;SANTA ROSA;Rio Grande do Sul;Santa Rosa;Rio Grande do Sul;-27.908889;-54.522222;27°54'32"S;054°31'20"W;309,0;VFR;VFR;07/25;1200,0000;30,00;8/F/A/Y/T;Asfalto;;;;;;Cadastrado;07/05/2030;PA2020-1191;https://pergamum.anac.gov.br/arquivos/PA2020-1191.pdf
SNOS;MG0024;Municipal José Figueiredo;PASSOS;Minas Gerais;Passos;Minas Gerais;-20.731944;-46.661944;20°43'55"S;046°39'43"W;822,0;VFR;VFR;15/33;1500,0000;30,00;19/F/A/Y/T;Asfalto;;;;;;Cadastrado;21/03/2033;PA2023-10694;https://pergamum.anac.gov.br/arquivos/PA2023-10694.pdf
SSVN;RS0030;Veranópolis;VERANÓPOLIS;Rio Grande do Sul;Veranópolis;Rio Grande do Sul;-28.935556;-51.567778;28°56'08"S;051°34'04"W;676,0;VFR;Sem Operação;12/30;1000,0000;18,00;3700 Kg /   0.50 MPa;Saibro;;;;;;Cadastrado;14/09/2028;PA2018-2841;https://pergamum.anac.gov.br/arquivos/PA2018-2841.pdf
SBLE;BA0006;HORÁCIO DE MATTOS;LENÇÓIS;Bahia;Lençóis;Bahia;-12.482222;-41.276944;12°28'56"S;041°16'37"W;506,0;VFR;VFR;14/32;2082,0000;30,00;44/F/A/W/T;Asfalto;;;;;;Cadastrado;29/10/2025;PA2015-2870;https://pergamum.anac.gov.br/arquivos/PA2015-2870.pdf
SBCT;PR0001;Afonso Pena;CURITIBA;Paraná;Curitiba;Paraná;-25.531667;-49.176111;25°31'54"S;049°10'34"W;911,0;VFR / IFR - CAT II;VFR / IFR - CAT II;15/33;2218,0000;45,00;42/F/A/X/T;Asfalto;11/29;1798,0000;45,00;33/F/A/X/T;Asfalto;Cadastrado;20/11/2023;PA2013-3007;https://pergamum.anac.gov.br/arquivos/PA2013-3007.pdf
SNIU;BA0030;Ipiaú;IPIAÚ;Bahia;Ipiaú;Bahia;-14.173333;-39.684167;14°10'24"S;039°41'03"W;132,0;VFR;;15/33;1316,0000;18,00;6/F/C/Z/U;Asfalto;;;;;;Cadastrado;23/05/2033;PA2023-11344;https://pergamum.anac.gov.br/arquivos/PA2023-11344.pdf
SBSM;RS0003;Santa Maria;SANTA MARIA;Rio Grande do Sul;Santa Maria;Rio Grande do Sul;-29.710833;-53.692222;29°42'39"S;053°41'32"W;88,0;;;11/29;2694,0000;45,00;20/R/B/X/T;Concreto;02/20;1505,0000;30,00;10/F/C/Y/U;Asfalto;Cadastrado;15/08/2033;PA2023-12001;https://pergamum.anac.gov.br/arquivos/PA2023-12001.pdf
SSBG;RS0091;Municipal de Bento Gonçalves;BENTO GONÇALVES;Rio Grande do Sul;;;-29.1475;-51.540833;29°08'51"S;051°32'27"W;671,0;;;13/31;1260,0000;23,00;30/F/C/X/T;Asfalto;;;;;;Cadastrado;;PA2024-14.530;https://pergamum.anac.gov.br/arquivos/PA2024-14.530.pdf
SBMK;MG0004;Mário Ribeiro;MONTES CLAROS;Minas Gerais;Montes Claros;Minas Gerais;-16.706111;-43.821944;16°42'22"S;043°49'19"W;668,0;;;12/30;2100,0000;45,00;34/F/B/X/T;Asfalto;;;;;;Cadastrado;;PA2014-1719;https://pergamum.anac.gov.br/arquivos/PA2014-1719.pdf
SNSI;MG0076;Santa Maria do Suaçuí;SANTA MARIA DO SUAÇUÍ;Minas Gerais;Santa Maria do Suaçuí;Minas Gerais;-18.198611;-42.466111;18°11'55"S;042°27'58"W;480,0;;;04/22;740,0000;18,00;2500 Kg /   0.50 MPa;Terra;;;;;;Interditado;25/02/2032;PA2022-6997;https://pergamum.anac.gov.br/arquivos/PA2022-6997.pdf
SBMO;AL0001;Zumbi dos Palmares;MACEIÓ;Alagoas;Maceió;Alagoas;-9.5108333;-35.791667;09°30'39"S;035°47'30"W;118,0;;;12/30;2602,0000;45,00;46/F/A/X/T;Asfalto;;;;;;Cadastrado;01/10/2031;PA2021-6020;https://pergamum.anac.gov.br/arquivos/PA2021-6020.pdf
SBBE;PA0001;INTERNACIONAL DE BELÉM/VAL DE CANS/JÚLIO CEZAR RIBEIRO;BELÉM;Pará;Belém;Pará;-1.3847222;-48.478889;01°23'05"S;048°28'44"W;17,0;;;02/20;1830,0000;45,00;50/F/A/X/T;Asfalto;06/24;2800,0000;45,00;67/F/A/X/T;Asfalto;Cadastrado;25/07/2026;PA2016-1883;https://pergamum.anac.gov.br/arquivos/PA2016-1883.pdf
SBPC;MG0018;Embaixador Walther Moreira Salles;POÇOS DE CALDAS;Minas Gerais;Poços de Caldas;Minas Gerais;-21.8425;-46.569444;21°50'33"S;046°34'10"W;1261,0;VFR / IFR Não Precisão;Sem Operação;09/27;1515,0000;30,00;14/F/C/Y/U;Asfalto;;;;;;Cadastrado;17/04/2033;PA2023-10943;https://pergamum.anac.gov.br/arquivos/PA2023-10943.pdf
SSNP;RS0041;Ilmo Aloísio Blume;NOVA PRATA;Rio Grande do Sul;Nova Prata;Rio Grande do Sul;-28.803889;-51.602222;28°48'14"S;051°36'08"W;698,0;VFR;Sem Operação;13/31;965,0000;18,00;8/F/B/Y/T;Asfalto;;;;;;Cadastrado;;PA2023-12.127;https://pergamum.anac.gov.br/arquivos/PA2023-12.127.pdf
SDAG;RJ0010;Angra Dos Reis;ANGRA DOS REIS;Rio de Janeiro;Angra dos Reis;Rio de Janeiro;-22.975278;-44.307222;22°58'31"S;044°18'26"W;3,0;;;10/28;913,0000;30,00;14/F/B/Y/T;Asfalto;;;;;;Cadastrado;14/09/2028;PA2018/2842;https://pergamum.anac.gov.br/arquivos/PA2018/2842.pdf
SWPZ;GO0010;Ouriçanga de Abreu;POSSE;Goiás;Posse;Goiás;-14.118056;-46.345278;14°07'05"S;046°20'43"W;841,0;VFR;VFR;10/28;1500,0000;25,00;18/F/B/Y/T;Asfalto;;;;;;Cadastrado;12/08/2030;PA2020-1994;https://pergamum.anac.gov.br/arquivos/PA2020-1994.pdf
SWTO;TO0008;Paraíso do Tocantins;PARAÍSO DO TOCANTINS;Tocantins;Paraíso do Tocantins;Tocantins;-10.173889;-48.932778;10°10'26"S;048°55'58"W;353,0;VFR;Sem Operação;10/28;1200,0000;30,00;20/F/C/X/U;Asfalto;;;;;;Cadastrado;20/05/2030;PA2020-1298;https://pergamum.anac.gov.br/arquivos/PA2020-1298.pdf
SNGG;PI0007;Bom Jesus do Gurguéia;BOM JESUS;Piauí;Bom Jesus;Piauí;-9.0594444;-44.369167;09°03'34"S;044°22'09"W;338,0;VFR;Sem Operação;16/34;1200,0000;20,00;9/F/C/Y/U;Asfalto;;;;;;Cadastrado;;PA2020-1085;https://pergamum.anac.gov.br/arquivos/PA2020-1085.pdf
SSGG;PR0009;Aeroporto Regional de Guarapuava - Tancredo Thomás de Faria;GUARAPUAVA;Paraná;Guarapuava;Paraná;-25.388333;-51.523611;25°23'18"S;051°31'25"W;1065,0;VFR / IFR Não Precisão;VFR / IFR Não Precisão;08/26;1365,0000;30,00;23/F/C/X/T;Asfalto;;;;;;Cadastrado;20/02/2029;PA2021-5002;https://pergamum.anac.gov.br/arquivos/PA2021-5002.pdf
SNMA;PA0019;Monte Alegre;MONTE ALEGRE;Pará;Monte Alegre;Pará;-1.9966667;-54.071389;01°59'48"S;054°04'17"W;99,0;;;10/28;1425,0000;30,00;9/F/C/Y/U;Asfalto;;;;;;Cadastrado;13/01/2031;PA2021-3949;https://pergamum.anac.gov.br/arquivos/PA2021-3949.pdf
SJZA;PB0004;Pedro Vieira Moreira;CAJAZEIRAS;Paraíba;Cajazeiras;Paraíba;-6.8827778;-38.615833;06°52'58"S;038°36'57"W;335,0;;;12/30;1600,0000;30,00;26/F/B/X/T;Asfalto;;;;;;Cadastrado;17/03/2026;PA2016-3365;https://pergamum.anac.gov.br/arquivos/PA2016-3365.pdf
SDTP;SP0025;José Vicente Faria Lima;TUPÃ;São Paulo;Tupã;São Paulo;-21.89;-50.505833;21°53'24"S;050°30'21"W;550,0;;;06/24;1500,0000;35,00;33/F/B/X/T;Asfalto;;;;;;Cadastrado;02/02/2028;PA 2018-305;https://pergamum.anac.gov.br/arquivos/PA 2018-305.pdf
SDMJ;SP0022;Mogi Mirim;MOGI MIRIM;São Paulo;Moji Mirim;São Paulo;-22.410833;-46.905556;22°24'39"S;046°54'20"W;695,0;;;12/30;1500,0000;30,00;5600 Kg /   0.50 MPa;Terra;;;;;;Cadastrado;;PA2021-5744;https://pergamum.anac.gov.br/arquivos/PA2021-5744.pdf
SBNV;GO0002;Aeródromo Nacional de Aviação;GOIÂNIA;Goiás;Goiânia;Goiás;-16.625556;-49.349444;16°37'32"S;049°20'58"W;824,0;VFR;Sem Operação;14/32;1100,0000;20,00;5700 Kg /   0.50 MPa;Asfalto;;;;;;Cadastrado;;PA2019-0537;https://pergamum.anac.gov.br/arquivos/PA2019-0537.pdf
SNSM;PA0250;Salinópolis;SALINÓPOLIS;Pará;Salinópolis;Pará;-0.69638889;-47.336667;00°41'47"S;047°20'12"W;36,0;VFR / IFR Não Precisão;Sem Operação;09/27;1600,0000;30,00;5700 Kg /   0.50 MPa;Asfalto;;;;;;Cadastrado;;PA2021-6645;https://pergamum.anac.gov.br/arquivos/PA2021-6645.pdf
SWIQ;GO0019;Aeroporto Municipal José Caires de Oliveira;MINAÇU;Goiás;Minaçu;Goiás;-13.549167;-48.195556;13°32'57"S;048°11'44"W;427,0;VFR / IFR Não Precisão;VFR;05/23;1340,0000;30,00;7/F/C/Y/U;Asfalto;;;;;;Cadastrado;23/01/2033;PA 2011-2418;https://pergamum.anac.gov.br/arquivos/PA 2011-2418.pdf
SBCH;SC0003;Serafin Enoss Bertaso;CHAPECÓ;Santa Catarina;Chapecó;Santa Catarina;-27.133889;-52.658889;27°08'02"S;052°39'32"W;654,0;VFR / IFR Não Precisão;VFR / IFR Não Precisão;11/29;2060,0000;45,00;45/F/B/X/T;Asfalto;;;;;;Cadastrado;;PA2022-9798;https://pergamum.anac.gov.br/arquivos/PA2022-9798.pdf
SDTB;SP0069;Atibaia;ATIBAIA;São Paulo;Atibaia;São Paulo;-23.128333;-46.574722;23°07'42"S;046°34'29"W;797,0;;;02/20;1057,0000;30,00;5000 Kg /   0.50 MPa;Terra;;;;;;Cadastrado;13/05/2024;PA2014-1106;https://pergamum.anac.gov.br/arquivos/PA2014-1106.pdf
SDEP;SP0052;Geraldo Moacir Bordon;PRESIDENTE EPITÁCIO;São Paulo;Presidente Epitácio;São Paulo;-21.775;-52.143611;21°46'30"S;052°08'37"W;297,0;;;06/24;1345,0000;18,00;8/F/C/Y/U;Asfalto;;;;;;Cadastrado;28/10/2030;PA2020-2971;https://pergamum.anac.gov.br/arquivos/PA2020-2971.pdf
SSOG;PR0027;Arapongas;ARAPONGAS;Paraná;Arapongas;Paraná;-23.352778;-51.491667;23°21'10"S;051°29'30"W;794,0;VFR;VFR;16/34;1200,0000;23,00;6/F/B/Y/U;Asfalto;;;;;;Interditado;16/08/2033;PA2023-11992;https://pergamum.anac.gov.br/arquivos/PA2023-11992.pdf
SSNB;MS0015;Ariosto da Riva;NAVIRAÍ;Mato Grosso do Sul;Naviraí;Mato Grosso do Sul;-23.034167;-54.177778;23°02'03"S;054°10'40"W;406,0;;;10/28;1398,0000;23,00;10/F/B/Y/T;Asfalto;;;;;;Cadastrado;20/04/2031;PA2021-4772;https://pergamum.anac.gov.br/arquivos/PA2021-4772.pdf
SBNM;RS0008;Santo Ângelo;SANTO ÂNGELO;Rio Grande do Sul;Santo Ângelo;Rio Grande do Sul;-28.281667;-54.168333;28°16'54"S;054°10'06"W;322,0;VFR / IFR Não Precisão;VFR / IFR Não Precisão;12/30;1625,0000;30,00;35/F/A/X/T;Asfalto;;;;;;Cadastrado;;PA2019-3072;https://pergamum.anac.gov.br/arquivos/PA2019-3072.pdf
SWME;GO0033;Mineiros;MINEIROS;Goiás;Mineiros;Goiás;-17.551389;-52.556667;17°33'05"S;052°33'24"W;843,0;VFR;Sem Operação;18/36;1000,0000;16,00;8/F/C/Y/U;Asfalto;;;;;;Cadastrado;02/06/2033;PA2023-11419;https://pergamum.anac.gov.br/arquivos/PA2023-11419.pdf
SWGN;TO0002;Araguaína;ARAGUAÍNA;Tocantins;Araguaína;Tocantins;-7.2283333;-48.240833;07°13'42"S;048°14'27"W;235,0;VFR;VFR;09/27;1804,0000;45,00;44/F/C/X/U;Asfalto;;;;;;Cadastrado;21/08/2025;PA2015-2236;https://pergamum.anac.gov.br/arquivos/PA2015-2236.pdf
SICB;PB0007;Pedro Simões Pimenta;CUITÉ;Paraíba;Cuité;Paraíba;-6.4875;-36.14;06°29'15"S;036°08'24"W;652,0;VFR;Sem Operação;10/28;1150,0000;30,00;5700 Kg /   0.50 MPa;Terra;;;;;;Cadastrado;;PD2001-1494;https://pergamum.anac.gov.br/arquivos/PD2001-1494.pdf
SNPQ;PE0010;Pesqueira;PESQUEIRA;Pernambuco;Pesqueira;Pernambuco;-8.3747222;-36.637778;08°22'29"S;036°38'16"W;630,0;VFR;Sem Operação;10/28;1000,0000;20,00;8/F/C/Y/U;Terra;;;;;;Cadastrado;07/06/2033;PA2023-11478;https://pergamum.anac.gov.br/arquivos/PA2023-11478.pdf
SBSP;SP0001;São Paulo/Congonhas - Deputado Freitas Nobre;SÃO PAULO;São Paulo;São Paulo;São Paulo;-23.626111;-46.656389;23°37'34"S;046°39'23"W;802,0;VFR / IFR - CAT I;VFR / IFR - CAT I;17L/35;1495,0000;45,00;38/F/B/X/U;Asfalto;17R/35;1883,0000;45,00;50/F/B/X/T;Asfalto;Cadastrado;;PA2023-11630;https://pergamum.anac.gov.br/arquivos/PA2023-11630.pdf
SWPM;RO0009;Pimenta Bueno;PIMENTA BUENO;Rondônia;Pimenta Bueno;Rondônia;-11.641389;-61.178889;11°38'29"S;061°10'44"W;208,0;VFR;VFR;04/22;1300,0000;20,00;12/F/C/Y/U;Asfalto;;;;;;Cadastrado;07/03/2033;PA2023-10580;https://pergamum.anac.gov.br/arquivos/PA2023-10580.pdf
SNRM;BA0022;Remanso;REMANSO;Bahia;Remanso;Bahia;-9.58;-42.115833;09°34'48"S;042°06'57"W;406,0;;;11/29;1360,0000;30,00;8/F/C/Y/U;Asfalto;;;;;;Cadastrado;26/02/2026;PA2016-401;https://pergamum.anac.gov.br/arquivos/PA2016-401.pdf
SBFN;PE0003;Fernando de Noronha;FERNANDO DE NORONHA;Pernambuco;Fernando de Noronha;Pernambuco;-3.8547222;-32.428333;03°51'17"S;032°25'42"W;58,0;;;12/30;1845,0000;45,00;30/F/C/X/U;Asfalto;;;;;;Cadastrado;24/07/2028;PA2018-2251;https://pergamum.anac.gov.br/arquivos/PA2018-2251.pdf
SDAE;SP0053;São Pedro;SÃO PEDRO;São Paulo;São Pedro;São Paulo;-22.583611;-47.896111;22°35'01"S;047°53'46"W;566,0;VFR;Sem Operação;14/32;1000,0000;25,00;5600 Kg /   0.50 MPa;Terra;;;;;;Interditado;17/04/2030;PA2020-1021;https://pergamum.anac.gov.br/arquivos/PA2020-1021.pdf
SSVL;PR0007;Telêmaco Borba;TELÊMACO BORBA;Paraná;Telêmaco Borba;Paraná;-24.316389;-50.652222;24°18'59"S;050°39'08"W;796,0;VFR;Sem Operação;02/20;1800,0000;30,00;24/F/B/X/T;Asfalto;;;;;;Cadastrado;12/12/2029;PA2019-3818;https://pergamum.anac.gov.br/arquivos/PA2019-3818.pdf
SSJK;RS0028;Júlio de Castilhos;TUPANCIRETÃ;Rio Grande do Sul;Júlio de Castilhos;Rio Grande do Sul;-29.153056;-53.743333;29°09'11"S;053°44'36"W;498,0;VFR;;12/30;1190,0000;30,00;8/F/C/Y/U;Grama;;;;;;Interditado;20/05/2030;PA2020-1301;https://pergamum.anac.gov.br/arquivos/PA2020-1301.pdf
SBCF;MG0001;Tancredo Neves;CONFINS;Minas Gerais;Confins;Minas Gerais;-19.624444;-43.971944;19°37'28"S;043°58'19"W;829,0;;;16/34;3600,0000;45,00;75/F/B/W/T;Asfalto;;;;;;Cadastrado;13/08/2028;PA2018-2457;https://pergamum.anac.gov.br/arquivos/PA2018-2457.pdf
SSEE;RS0054;Regional do Vale do Taquari;ESTRELA;Rio Grande do Sul;Estrela;Rio Grande do Sul;-29.453333;-51.934167;29°27'12"S;051°56'03"W;32,0;VFR;Sem Operação;06/24;570,0000;18,00;4000 Kg /   0.50 MPa;Grama;;;;;;Cadastrado;05/09/2027;PA2017-3024;https://pergamum.anac.gov.br/arquivos/PA2017-3024.pdf
SWBR;AM0018;Borba;BORBA;Amazonas;Borba;Amazonas;-4.4061111;-59.6025;04°24'22"S;059°36'09"W;30,0;VFR;Sem Operação;12/30;1200,0000;23,00;8/F/C/Y/U;Asfalto;;;;;;Cadastrado;19/05/2033;PA2023-11217;https://pergamum.anac.gov.br/arquivos/PA2023-11217.pdf
SWPG;MT0010;Porto dos Gaúchos;PORTO DOS GAÚCHOS;Mato Grosso;Porto dos Gaúchos;Mato Grosso;-11.54;-57.378056;11°32'24"S;057°22'41"W;400,0;VFR;Sem Operação;01/19;1500,0000;25,00;13/F/C/Y/U;Terra;;;;;;Cadastrado;14/07/2033;PA2023-11773;https://pergamum.anac.gov.br/arquivos/PA2023-11773.pdf
SBUL;MG0002;Ten Cel Aviador César Bombonato;UBERLÂNDIA;Minas Gerais;Uberlândia;Minas Gerais;-18.883611;-48.225278;18°53'01"S;048°13'31"W;943,0;VFR / IFR - CAT I;VFR / IFR - CAT I;04/22;2100,0000;45,00;43/F/A/X/T;Asfalto;;;;;;Cadastrado;;;
SNDT;MG0030;JUSCELINO KUBITSCHEK;DIAMANTINA;Minas Gerais;Diamantina;Minas Gerais;-18.232222;-43.650278;18°13'56"S;043°39'01"W;1356,0;;;03/21;1700,0000;30,00;14/F/B/X/T;Asfalto;;;;;;Cadastrado;30/07/2028;PA2018-2328;https://pergamum.anac.gov.br/arquivos/PA2018-2328.pdf
SDDN;SP0020;Paulino Ribeiro de Andrade;ANDRADINA;São Paulo;Andradina;São Paulo;-20.925;-51.381944;20°55'30"S;051°22'55"W;380,0;;;11/29;1500,0000;30,00;12/F/B/Y/T;Asfalto;;;;;;Cadastrado;22/11/2025;PA2022-7344;https://pergamum.anac.gov.br/arquivos/PA2022-7344.pdf
SSCD;MS0007;Chapadão do Sul;CHAPADÃO DO SUL;Mato Grosso do Sul;Chapadão do Sul;Mato Grosso do Sul;-18.839167;-52.488056;18°50'21"S;052°29'17"W;818,0;VFR;VFR;05/23;2000,0000;30,00;30/F/C/X/T;Asfalto;;;;;;Cadastrado;01/10/2028;PA2018-2968;https://pergamum.anac.gov.br/arquivos/PA2018-2968.pdf
SBCX;RS0007;Hugo Cantergiani;CAXIAS DO SUL;Rio Grande do Sul;Caxias do Sul;Rio Grande do Sul;-29.198056;-51.186667;29°11'53"S;051°11'12"W;754,0;VFR / IFR Não Precisão;VFR / IFR Não Precisão;15/33;1670,0000;30,00;45/F/A/X/T;Asfalto;;;;;;Cadastrado;27/06/2033;PA2023-11658;https://pergamum.anac.gov.br/arquivos/PA2023-11658.pdf
SDPD;SP0072;Pindamonhangaba;PINDAMONHANGABA;São Paulo;Pindamonhangaba;São Paulo;-22.943889;-45.431944;22°56'38"S;045°25'55"W;574,0;VFR;Sem Operação;06/24;750,0000;30,00;5600 Kg /   0.50 MPa;Terra;;;;;;Cadastrado;18/09/2030;PA2020-2410;https://pergamum.anac.gov.br/arquivos/PA2020-2410.pdf
SBTC;BA0067;UNA/COMANDATUBA;UNA;Bahia;Una;Bahia;-15.353333;-38.997222;15°21'12"S;038°59'50"W;7,0;VFR / IFR Não Precisão;VFR / IFR Não Precisão;02/20;2000,0000;30,00;40/F/C/X/T;Asfalto;;;;;;Cadastrado;23/03/2031;PA2021-4874;https://pergamum.anac.gov.br/arquivos/PA2021-4874.pdf
SNKF;MG0071;Das Bandeirinhas;CONSELHEIRO LAFAIETE;Minas Gerais;Conselheiro Lafaiete;Minas Gerais;-20.738611;-43.7975;20°44'19"S;043°47'51"W;1057,0;;;04/22;902,0000;24,00;9/F/C/Y/U;Asfalto;;;;;;Cadastrado;16/10/2028;PA2022-8286;https://pergamum.anac.gov.br/arquivos/PA2022-8286.pdf
SSRS;MA0008;Barreirinhas;BARREIRINHAS;Maranhão;Barreirinhas;Maranhão;-2.7566667;-42.803333;02°45'24"S;042°48'12"W;12,0;VFR;;11/29;1500,0000;30,00;71/F/A/Y/T;Asfalto;;;;;;Cadastrado;28/06/2033;PA2023-11665;https://pergamum.anac.gov.br/arquivos/PA2023-11665.pdf
SWWA;GO0012;Porangatu;PORANGATU;Goiás;Porangatu;Goiás;-13.404444;-49.157222;13°24'16"S;049°09'26"W;366,0;VFR;VFR;14/32;1500,0000;23,00;5700 Kg /   0.50 MPa;Asfalto;;;;;;Cadastrado;19/05/2030;PA2020-1293;https://pergamum.anac.gov.br/arquivos/PA2020-1293.pdf
SWKT;GO0015;Catalão;CATALÃO;Goiás;Catalão;Goiás;-18.216944;-47.899444;18°13'01"S;047°53'58"W;802,0;VFR;VFR;17/35;1520,0000;30,00;5700 Kg /   0.50 MPa;Asfalto;;;;;;Cadastrado;21/09/2030;PA2020-2421;https://pergamum.anac.gov.br/arquivos/PA2020-2421.pdf
SWOB;AM0014;Fonte Boa;FONTE BOA;Amazonas;Fonte Boa;Amazonas;-2.5325;-66.083333;02°31'57"S;066°05'00"W;63,0;VFR;Sem Operação;18/36;1300,0000;24,00;6/F/C/Y/U;Asfalto;;;;;;Cadastrado;26/06/2033;PA2023-11691;https://pergamum.anac.gov.br/arquivos/PA2023-11691.pdf
